Date,Close,High,Low,Open,Volume
2007-10-25,29.49002265930176,34.612703005986596,28.570313391915295,32.63483426278736,7486900
2007-10-26,31.64590072631836,32.61505598336362,28.926331132650375,29.3614627957852,1625600
2007-10-29,34.31602478027344,34.61270434876578,32.2887099943428,33.62376993880105,667900
2007-10-30,35.03794479370117,35.20606182467015,32.63483398907078,34.83026948280354,455600
2007-10-31,33.821556091308594,35.23573253730743,32.5853881330918,34.54347772620898,393200
2007-11-01,32.367820739746094,33.129300639990355,31.78434932384387,33.129300639990355,453900
2007-11-02,32.06125259399414,32.60516955160723,31.17121386537228,32.377715084098796,276000
2007-11-05,31.15143394470215,31.893134752909344,30.76575012803207,31.260217333503533,342300
2007-11-06,31.08220863342285,31.5470071244634,31.00309395651717,31.161323310328537,223100
2007-11-07,29.025224685668945,30.95364561189336,28.926330869550156,30.95364561189336,525600
2007-11-08,29.668031692504883,29.81637147371888,28.926330900192266,28.926330900192266,411100
2007-11-09,29.569137573242188,29.747146063371723,28.73843254346611,29.32190397833842,213400
2007-11-12,28.718656539916992,30.81519645969488,28.718656539916992,29.341684396256284,112900
2007-11-13,28.80765724182129,29.668030969894993,28.09562517759115,28.97577615943373,236700
2007-11-14,29.61858558654785,29.915265147563822,28.777990982012405,28.837326516967067,244500
2007-11-15,29.865819931030273,30.35039756549245,29.3812404103254,29.3812404103254,76800
2007-11-16,30.35039710998535,30.36028668028424,29.66803184930343,29.86581948279585,88900
2007-11-19,28.86699485778809,30.3503964163513,28.43186320579494,29.717477135386012,238300
2007-11-20,26.701229095458984,29.39113001417637,24.98048344676742,29.381240443717815,742900
2007-11-21,24.08055305480957,26.11775739383927,23.00261440622878,26.038642717165573,810400
2007-11-23,23.902544021606445,23.971769126354207,22.59715094281251,23.477301936735746,100200
2007-11-26,23.932212829589844,25.049707852736255,23.734425198439126,24.495905126253952,233800
2007-11-27,23.605865478515625,24.72336054521243,23.536638484545147,24.169557797147633,211200
2007-11-28,24.57501983642578,25.029928747979877,23.93221286363547,24.199223713953344,417400
2007-11-29,24.515684127807617,24.743138581973223,23.92232312395777,24.219002682761374,341700
2007-11-30,25.455171585083008,25.939749221500076,24.486016312248875,24.72336034521381,199100
2007-12-03,26.008974075317383,26.45399531169341,25.267273272185793,25.692515367780068,319200
2007-12-04,25.563955307006836,26.36499166447219,25.445282345858065,25.999086982895367,180500
2007-12-05,26.246320724487305,26.45399604976182,25.72218479660352,25.791409905028356,168500
2007-12-06,27.185806274414062,27.195695844706712,26.256207415574323,26.256207415574323,102100
2007-12-07,27.67038345336914,28.53075719247525,27.353924754097857,27.36381432423041,103200
2007-12-10,27.195695877075195,28.21429898351846,26.23643019245845,27.91761753311386,281500
2007-12-11,20.678617477416992,26.493552615707134,19.13588039197461,26.206760743681713,3591000
2007-12-12,19.33366584777832,21.608215991556268,18.206281288890327,20.886294366522467,1121400
2007-12-13,18.35462188720703,19.541343918558947,17.33602066510193,19.33366671426316,1190300
2007-12-14,18.3447322845459,18.493073952885393,17.899712938255416,18.493073952885393,173500
2007-12-17,17.662368774414062,18.39417999523203,17.21734754528837,18.39417999523203,161500
2007-12-18,17.504138946533203,17.800818500375758,16.930557092526357,17.800818500375758,220900
2007-12-19,17.553585052490234,17.721703970696183,16.910778089788412,17.612920586491565,143400
2007-12-20,16.564651489257812,17.553585906526937,16.317417884940532,17.553585906526937,252700
2007-12-21,16.39653205871582,16.960224357428114,15.427376812289676,16.811884576647405,1079900
2007-12-24,16.614097595214844,16.64376630702957,16.05040527443417,16.55476205782812,189600
2007-12-26,17.15801239013672,17.7513734133641,16.228413516621913,16.51520540090818,270700
2007-12-27,17.07889747619629,17.25690596932283,16.811884736506475,17.059118335572744,123400
2007-12-28,16.910778045654297,17.286572275005454,16.712990417842565,17.06900739340664,234400
2007-12-31,16.960224151611328,17.158011781080507,16.693211417700727,16.811884372630757,515300
2008-01-02,16.366863250732422,16.910778292017355,16.050404550617444,16.811884476670762,213100
2008-01-03,15.328483581542969,16.673435002617957,14.883463279090186,16.06029482940944,296500
2008-01-04,14.329659461975098,15.575717052526327,14.329659461975098,15.575717052526327,334400
2008-01-07,12.38145923614502,14.586782512447275,11.69909396673682,14.398885389972197,993300
2008-01-08,13.40006160736084,13.597848303145964,12.213340489528736,12.658360790825606,704000
2008-01-09,14.33954906463623,14.33954906463623,13.24183219990156,13.340725075853824,1019800
2008-01-10,15.892175674438477,16.080073740575546,14.191209167479116,14.191209167479116,1232700
2008-01-11,15.625164031982422,15.82295072745129,15.041692573008238,15.526270212687308,417800
2008-01-14,15.872396469116213,16.228413459037906,15.40759797712942,15.595496042503948,237900
2008-01-15,15.437265396118164,15.882285680334313,15.40759762866944,15.476822733756904,291600
2008-01-16,15.733945846557615,16.14929836191505,15.41748714652198,15.427376716678422,297100
2008-01-17,14.596672058105469,15.743835818102896,14.230766441080176,15.65483157066838,188900
2008-01-18,12.361680030822754,14.57689286599707,11.867212829589844,14.49777818924951,951100
2008-01-22,12.440794944763184,12.717696318658964,11.649647219082448,11.867213055846957,1503700
2008-01-23,14.092314720153809,14.339548311735454,12.1342251275254,12.144113754416477,391700
2008-01-24,14.141761779785156,14.38899537403622,13.835191707940456,14.141761779785156,579400
2008-01-25,15.021913528442385,15.506492114357064,14.092315582203746,14.369216957639733,340200
2008-01-28,15.328483581542969,15.58560675829217,14.665897441600755,14.942798816419163,212400
2008-01-29,16.169076919555664,16.416310505829472,14.972466324265572,15.328482348976197,233900
2008-01-30,15.3779296875,16.347085863382777,15.31859321015154,15.931733351307487,330100
2008-01-31,15.071359634399414,15.595495531701138,15.041691867251435,15.229588983350384,281700
2008-02-01,14.586782455444336,15.506491752738976,13.943975470249564,15.377930167075757,375000
2008-02-04,13.874749183654783,14.71534378973934,13.726409402873427,14.468110193022865,189300
2008-02-05,13.845081329345703,14.032978446699158,13.538511256365382,13.558290396676966,166000
2008-02-06,14.042868614196776,14.58678273532468,13.845081918274271,13.884639257458774,92200
2008-02-07,15.74383544921875,16.070183720084607,13.775856253846737,13.993421139009762,243500
2008-02-08,15.3779296875,15.605384140572925,14.952687605346416,15.575716373459349,395700
2008-02-11,14.923020362854004,15.42737713712207,14.626339851924474,15.37793022811359,125200
2008-02-12,14.74501132965088,15.684498794046252,14.636228888298591,14.972466725541873,123600
2008-02-13,14.764790534973145,14.913130314119538,14.339548451508888,14.853794779709506,147500
2008-02-14,14.62633991241455,14.923020424571058,14.171430045273596,14.824126606145107,174500
2008-02-15,14.62633991241455,14.62633991241455,14.280212491045065,14.576893003201574,67100
2008-02-19,14.616450309753418,15.86250883531472,14.586782541539518,14.883463053042558,119400
2008-02-20,14.754900932312012,14.834015606765051,14.240654605245926,14.57689244323201,72300
2008-02-21,14.616450309753418,15.358151116950342,14.5966721119846,14.89335262348764,123600
2008-02-22,13.845081329345703,14.715343697507706,13.340724568856135,14.626339452348216,155300
2008-02-25,13.99342155456543,14.14176228225959,13.746187951529848,14.121983141318497,275300
2008-02-26,15.002135276794434,15.308704419867096,13.92419660450637,13.92419660450637,141400
2008-02-27,14.656007766723633,14.794458924708398,14.478000212881916,14.794458924708398,106500
2008-02-28,14.45822048187256,14.883462565878649,14.418663144508365,14.87357299575727,192500
2008-02-29,13.854970932006836,14.517557044058302,13.63740510367557,14.339548553321691,155900
2008-03-03,14.586782455444336,14.932909874008502,14.092315253564868,14.092315253564868,269600
2008-03-04,14.161540031433104,14.774679234362164,13.874749098722395,14.408773626636178,65800
2008-03-05,14.28021240234375,14.62633982156327,13.924196355840136,14.26043420465422,110300
2008-03-06,14.141761779785156,14.290101559087269,13.845081278059617,14.181319117140474,121400
2008-03-07,13.330835342407228,14.15165176719589,13.271499806185274,13.934085933765594,118000
2008-03-10,12.54957675933838,13.50884336376557,12.361679643727104,13.350614015225272,228700
2008-03-11,12.678138732910156,13.202274645061712,12.589134485823235,12.895704565442475,137900
2008-03-12,12.084778785705566,13.004487148075142,12.005664108149505,12.717696206154072,176800
2008-03-13,10.373921394348145,11.867212530826228,10.32447448684544,11.867212530826228,271200
2008-03-14,10.581598281860352,10.878278801432794,9.968459044408704,10.68049210275829,691500
2008-03-17,11.155179977416992,11.382635384111634,10.0277953438427,10.03768397125619,175300
2008-03-18,11.669425964355469,11.797987547940624,10.878278265512138,11.570532148329557,255000
2008-03-19,11.372745513916016,12.124335878576106,11.333188175940291,11.867212710173234,240100
2008-03-20,12.63858127593994,13.20227452115978,10.23547134275276,10.591487384637922,745900
2008-03-24,13.83519172668457,14.794458337752296,12.371569299433563,12.8858146857494,205600
2008-03-25,14.853795051574709,16.93055765636256,13.726409502815397,13.726409502815397,390100
2008-03-26,14.48788833618164,14.725233304914475,14.131872297764373,14.725233304914475,131500
2008-03-27,14.309881210327148,14.567003440757814,13.74618795398291,14.567003440757814,113700
2008-03-28,13.864860534667969,14.497777937665232,13.864860534667969,14.240654771136931,147100
2008-03-31,13.884638786315918,14.299991305219836,13.479175837652884,14.00331079984256,163600
2008-04-01,14.161540031433104,14.675786362153728,13.845081331371995,13.845081331371995,266200
2008-04-02,13.825302124023438,14.31976931203208,13.825302124023438,14.191208673096591,142900
2008-04-03,13.914306640625,13.993421316802436,13.657184414609,13.657184414609,100800
2008-04-04,13.667073249816896,13.953864191105684,13.350614540290326,13.953864191105684,133300
2008-04-07,13.370393753051758,13.874749588289903,13.340725041533185,13.736299373688643,95000
2008-04-08,14.023090362548828,14.735122465147432,13.172606158651796,13.172606158651796,194600
2008-04-09,13.578068733215332,14.112094209652836,13.400061184190823,14.092315069138264,198900
2008-04-10,14.74501132965088,14.824126003929145,13.578068469364512,13.607737179559845,129400
2008-04-11,14.141761779785156,14.71534364299792,14.082425302191522,14.685675875761762,120900
2008-04-14,14.250544548034668,14.685676212027934,13.904418074030517,14.20109763942798,116100
2008-04-15,14.062647819519045,14.369216963817491,13.94397580142403,14.260434516344068,48200
2008-04-16,13.963753700256348,14.45822090328152,13.874749452812402,14.12198305432499,125600
2008-04-17,13.845081329345703,13.993421109197309,13.647294641836456,13.845081329345703,77100
2008-04-18,13.943975448608398,14.032978752586642,13.667073136938283,14.02309012533662,141600
2008-04-21,13.884638786315918,14.23076619977629,13.864860588955477,13.904417926797688,118700
2008-04-22,13.123160362243652,13.884639384280977,13.063823881364245,13.736299596764502,159300
2008-04-23,13.142937660217283,13.330834774409375,12.836367592394998,13.25172010073678,237300
2008-04-24,13.251720428466797,13.459396687773756,12.806700142272264,13.0638233096278,512700
2008-04-25,13.726409912109377,13.845081929761337,13.222053129747511,13.251720898380164,761500
2008-04-28,13.657184600830078,13.845081723533209,13.60773769176462,13.75607747583965,194000
2008-04-29,14.013200759887695,14.112094578804818,13.587958658913962,13.587958658913962,398000
2008-04-30,13.99342155456543,14.10220494349875,13.84508176999262,14.082425802557657,728200
2008-05-01,14.794458389282228,14.834015726828918,13.94397516046771,13.993421125060085,837600
2008-05-02,14.685676574707031,15.140586447504674,14.557114986403205,14.873573700307176,421300
2008-05-05,14.388996124267578,14.59667239199141,14.25054496474457,14.576893250721822,501000
2008-05-06,14.210987091064451,14.43844249150668,13.99342126088522,14.270323569521093,81000
2008-05-07,14.33954906463623,14.834016273761618,14.24065524556261,14.250544816094244,149100
2008-05-08,14.191208839416504,14.369216387863355,13.795634518500698,14.369216387863355,132000
2008-05-09,14.05275821685791,14.082425985533682,13.795635040010923,13.914307057835371,167400
2008-05-12,14.112093925476074,14.596671540869156,13.597847599908576,14.121982552412902,295500
2008-05-13,14.43844223022461,14.58678200899981,14.121982589384832,14.121982589384832,132200
2008-05-14,14.527445793151855,14.834015869426723,14.42855291989514,14.42855291989514,147000
2008-05-15,14.754900932312012,14.89335208416549,14.44833086146549,14.507667338865929,447600
2008-05-16,14.45822048187256,14.903240763000086,14.359327610022728,14.745011413543304,217700
2008-05-19,14.003311157226562,14.4977783644344,13.953864247881508,14.428553257224134,192100
2008-05-20,13.765966415405272,14.032978203127886,13.607737068144273,13.894527995835162,214000
2008-05-21,14.181319236755373,14.191208806957944,13.676962473879996,13.79563448694691,290100
2008-05-22,14.131872177124023,14.161539944291864,13.884638583442271,14.161539944291864,266800
2008-05-23,13.60773754119873,14.032978690965273,13.142938110120449,14.032978690965273,159600
2008-05-27,14.210987091064451,14.339548675119394,13.350614283731849,13.597847881578735,154900
2008-05-28,14.824126243591309,14.834015813816304,14.141761931129142,14.220876606686456,310000
2008-05-29,14.735121726989746,14.834015541179468,14.39888483361158,14.834015541179468,370300
2008-05-30,14.10220432281494,14.91313020328134,14.10220432281494,14.814236389171205,544800
2008-06-02,14.131872177124023,14.250544188916706,13.736298804481748,14.23076599184525,228500
2008-06-03,13.825302124023438,14.388995359675786,13.785744786707598,14.141761765671465,317700
2008-06-04,13.1824951171875,13.845081222574708,13.172605547107974,13.617626769473496,257000
2008-06-05,14.151651382446287,14.804347921870576,13.647294622665225,14.665896769247937,600800
2008-06-06,13.68685245513916,14.102204984908283,13.52862309963118,14.023090307154291,305700
2008-06-09,13.202274322509766,13.69674151147086,13.10338050746902,13.69674151147086,231200
2008-06-10,13.864860534667969,14.01320031521512,13.12315974568956,13.142937942972562,255900
2008-06-11,12.935261726379396,13.89452834731684,12.885814818329177,13.815413671685022,242100
2008-06-12,12.440794944763184,13.429729366083762,12.262786447126643,13.034155974804074,235500
2008-06-13,12.806700706481934,12.935262295823586,12.450684650465996,12.549577527798624,141600
2008-06-16,13.301167488098145,13.340724826363545,12.579245828974278,12.786922090647955,148300
2008-06-17,12.905593872070312,13.508843505489326,12.826479196970158,13.330835014953315,154000
2008-06-18,12.084778785705566,12.76714311540695,12.03533187645269,12.76714311540695,142000
2008-06-19,12.094667434692385,12.361680179262706,12.035331897979878,12.0847788073212,162900
2008-06-20,12.519908905029297,13.034155227323332,12.29245445386784,12.29245445386784,367400
2008-06-23,11.451860427856444,12.688028444189149,11.412303089058652,12.569356427795771,252200
2008-06-24,11.49141788482666,12.134225825802815,11.313409386845365,11.392525008375886,223600
2008-06-25,11.165069580078123,11.540864773391318,10.957393313855606,11.501307434259475,281100
2008-06-26,10.373921394348145,11.095843980396491,10.21569204483654,11.095843980396491,622000
2008-06-27,11.145291328430176,11.145291328430176,10.235471589655411,10.334364465448369,2011400
2008-06-30,11.115622520446776,11.48152813826105,10.78927424123077,11.115622520446776,1094200
2008-07-01,11.174959182739258,11.224406092576428,10.809053558938375,10.977172486511938,1346500
2008-07-02,10.670601844787598,11.174958601264734,10.640934077677564,11.155179461110505,198500
2008-07-03,9.968459129333496,10.69038176454746,9.968459129333496,10.69038176454746,130400
2008-07-07,9.513548851013184,10.186024547369982,9.424544603775214,10.04757339131966,313000
2008-07-08,9.938791275024414,9.96845904404416,9.315762466881482,9.493770967242712,325200
2008-07-09,9.64211082458496,10.186024957160184,9.612443055352532,9.958569544721216,457000
2008-07-10,9.64211082458496,9.93879134627339,9.612443055352532,9.64211082458496,249300
2008-07-11,9.335540771484377,9.543217043230008,9.108086301207502,9.533328415525078,794500
2008-07-14,9.464101791381836,9.62233114256277,9.345429777996136,9.62233114256277,184400
2008-07-15,9.483880996704102,9.612442581198223,8.920188693486383,9.3454298419132,335500
2008-07-16,9.889344215393066,10.02779537393226,9.384987434058894,9.543216790605769,569300
2008-07-17,10.235471725463867,10.373921942035288,9.760782708746714,9.909123439086422,803600
2008-07-18,9.780561447143556,10.245359930945678,9.632220722914544,10.245359930945678,582800
2008-07-21,10.245360374450684,10.502483553081024,9.978348568274075,9.978348568274075,750800
2008-07-22,10.611265182495115,10.680491228707025,10.126687574618252,10.176134481020672,576600
2008-07-23,11.362855911254885,11.91665958445788,10.73982713257201,10.73982713257201,1082900
2008-07-24,11.3331880569458,11.669425897769742,11.254073381825028,11.441970499456533,201600
2008-07-25,11.263962745666504,11.550753673506309,11.125511595180589,11.41230252302039,306200
2008-07-28,10.482705116271973,11.283741459690903,10.393700868531791,11.204626782393264,199400
2008-07-29,10.91783618927002,10.9376153307853,10.45303673799607,10.54204098857208,202600
2008-07-30,10.809053421020508,11.234294576703052,10.72004917307352,10.987060973793133,124000
2008-07-31,9.32565212249756,10.423369017435746,9.108086280422118,10.3937012481459,620800
2008-08-01,9.345429420471191,9.39487632660389,9.30587208418929,9.355318990321988,548400
2008-08-04,9.276205062866213,9.869565154756184,9.246537294052054,9.375097939953855,864900
2008-08-05,9.39487648010254,9.444323387043127,9.147642888520894,9.444323387043127,525400
2008-08-06,9.760782241821287,9.889343824717171,9.345429725733462,9.394876633481312,791400
2008-08-07,10.10690975189209,10.13657751958275,9.691557231737528,9.691557231737528,284700
2008-08-08,10.987060546875,11.105732558486029,9.988237546701864,10.156356465597812,446600
2008-08-11,11.451860427856444,12.341901022367452,10.858499402768208,10.858499402768208,479200
2008-08-12,11.629868507385254,12.084778358824105,11.145290888691198,11.382634912975472,631800
2008-08-13,11.77820873260498,11.827655641982837,11.372745773324985,11.56064289721522,295900
2008-08-14,11.847434043884276,12.104557222579938,11.451860648292003,11.718873397657816,338200
2008-08-15,12.03533172607422,12.114446402641764,11.80787632360152,11.946327479155396,319300
2008-08-18,12.094667434692385,12.401237518111492,11.91665988143352,12.064999666336131,166400
2008-08-19,11.748540878295898,12.11444649602158,11.530975044497453,11.985884909828014,353800
2008-08-20,11.87710189819336,12.114445918408997,11.521084924748603,11.827654991534777,115200
2008-08-21,11.471639633178713,11.768319204266026,11.352966672998155,11.728761865246296,237300
2008-08-22,11.896880149841309,12.094666834266343,11.55075368787782,11.55075368787782,111400
2008-08-25,11.313408851623535,11.926548994969776,11.00683972307173,11.877102087522974,278500
2008-08-26,11.817766189575195,12.045221597737708,11.30352077902226,11.30352077902226,171500
2008-08-27,11.076065063476562,11.79798766408123,10.927725281098748,11.79798766408123,334800
2008-08-28,11.323298454284668,11.550753851945226,10.87827817222692,11.10573262676616,268300
2008-08-29,10.75960636138916,11.481528019095023,10.482704994075258,11.29363089848378,340000
2008-09-02,11.3331880569458,11.3331880569458,10.690381085809197,10.996950216121858,1196500
2008-09-03,11.254073143005373,11.382634723128785,10.967282215998155,11.333187816447271,773600
2008-09-04,10.937614440917969,11.303520041088756,10.57170789762588,10.95739263770275,595600
2008-09-05,12.490242004394531,12.62869316456516,10.561820048293631,11.471639802280343,1010900
2008-09-08,13.60773754119873,13.845081570341174,12.608913572989282,12.61880314331722,875200
2008-09-09,13.291277885437012,13.686852210250596,13.093491194590886,13.123159905558806,715800
2008-09-10,13.54840087890625,13.924196058187494,13.192384840013066,13.469286203596656,523100
2008-09-11,13.765966415405272,13.775855985389413,13.25172009368572,13.33083476731622,262900
2008-09-12,13.845081329345703,14.052757587010742,13.637405071680664,13.637405071680664,352800
2008-09-15,13.578068733215332,13.96375348515753,13.17260578387989,13.548400965564802,293000
2008-09-16,13.775856018066406,13.835191551869377,13.00448653365735,13.241831498233148,308300
2008-09-17,13.70663070678711,13.845081864960402,12.539688733777254,13.607737830767348,467500
2008-09-18,13.795634269714355,13.88463851389337,13.34072442189375,13.845081176827286,605200
2008-09-19,14.537335395812988,14.78456899418777,13.884638847002972,14.458220719782764,880100
2008-09-22,12.697917938232422,14.4186635802602,12.371569659334783,14.4186635802602,332500
2008-09-23,12.54957675933838,13.123159562478923,12.104556480788466,12.688027910871794,253000
2008-09-24,12.03533172607422,12.17378288162809,11.432082081466351,12.17378288162809,493900
2008-09-25,12.440794944763184,12.54957739158476,11.966106875227556,12.074889322049131,414400
2008-09-26,12.945151329040527,13.044044202267356,12.055109811271093,12.055109811271093,528900
2008-09-29,12.935261726379396,13.904417917551148,12.618803023852124,13.004486831776903,685500
2008-09-30,13.133049011230469,13.370393992014236,12.381459558632876,13.063823902692612,597400
2008-10-01,13.014376640319824,13.271499812392124,12.856147286158825,12.984708872194972,167200
2008-10-02,12.480352401733398,13.18249588522566,12.361680383228965,12.974819617062558,394500
2008-10-03,12.025442123413086,12.856147168261716,11.975995214910888,12.796810689434814,406200
2008-10-06,11.659536361694336,12.064999308654285,11.343077660285854,11.797987515121209,419200
2008-10-07,10.77938461303711,11.867212833341997,10.74971684502773,11.867212833341997,235000
2008-10-08,10.977171897888184,11.372745269131178,10.38381089790238,10.621154920648175,707000
2008-10-09,10.225582122802734,11.33318856751325,10.057463194816895,11.21451654948584,849400
2008-10-10,11.758430480957031,12.519909486657031,9.41465604112932,9.859676337252315,748800
2008-10-13,11.323298454284668,12.411126648755888,10.858499031942822,12.411126648755888,129000
2008-10-14,11.402413368225098,11.93643790651425,11.05628689408882,11.511196755825608,436300
2008-10-15,10.195914268493652,11.402413579872531,9.93879109336516,11.3628562408621,151200
2008-10-16,10.33436393737793,11.214515862752505,9.681667406635096,10.34425350738829,273000
2008-10-17,10.453036308288574,10.838721063889274,9.919011769906788,10.176134940307254,258500
2008-10-20,10.482705116271973,10.729938718607432,10.215692373051432,10.571708420890806,346000
2008-10-21,10.116798400878906,10.828831428841006,9.731114590703823,10.324474661404464,291800
2008-10-22,9.276205062866213,10.749717136628016,8.850962956337373,9.859676527232375,258300
2008-10-23,9.21686840057373,9.305872648384469,8.307048667808276,9.305872648384469,229600
2008-10-24,8.870741844177246,9.315762136160163,8.47516751776472,8.47516751776472,223700
2008-10-27,7.9609222412109375,9.345430047020947,7.911475331763147,8.6729552851436,152600
2008-10-28,9.048748970031738,9.098195876400698,7.624683913957723,8.09937195160863,180600
2008-10-29,9.770671844482422,10.037683638214506,8.82129479642806,9.048749252454602,163800
2008-10-30,9.177310943603516,10.166245340982556,9.028971161245192,10.017905558624234,231300
2008-10-31,8.722400665283203,9.651999482439866,8.524613983905601,9.117974971159695,200800
2008-11-03,8.900409698486328,9.098196392050644,8.712512575380565,8.712512575380565,208400
2008-11-04,9.92890167236328,10.284917728818844,9.117975738876035,9.127864366436553,295600
2008-11-05,8.742179870605469,9.82011847110664,8.712512103956447,9.82011847110664,136500
2008-11-06,8.534503936767578,9.028971133963,8.494946598716798,8.752069767607537,200600
2008-11-07,8.64328670501709,8.860852544022487,8.435610436675884,8.633397134352897,223600
2008-11-10,8.939967155456543,9.21686853010942,8.672955351393037,8.99930363587141,281300
2008-11-11,8.4059419631958,8.939966473721036,8.119151039823384,8.880629997830992,298300
2008-11-12,7.891696453094482,8.583950809209131,7.674131094725153,8.346605838775806,214200
2008-11-13,7.9609222412109375,8.158708935880746,7.0807702710286,7.931254472790805,276900
2008-11-14,7.515901565551758,8.109262128597297,7.515901565551758,7.792803413138707,104300
2008-11-17,7.703798770904541,7.881806789275347,7.407118268725872,7.476343844983737,170800
2008-11-18,7.486233711242676,8.158708945471185,7.209331866818774,7.911475341062967,194000
2008-11-19,7.446676254272461,7.83236053900127,7.407118444358101,7.515901360611083,194200
2008-11-20,7.10054874420166,7.684020184688603,7.070880976601689,7.387339679324914,175400
2008-11-21,7.337893486022949,7.357672155598725,6.764311596764776,7.140106318704514,170800
2008-11-24,8.64328670501709,9.0586392416995,7.426897806962434,7.456565575833644,208000
2008-11-25,6.952208995819092,8.020257594100183,6.7742005031383545,7.258778601306213,448600
2008-11-26,6.991766452789307,7.377450740891033,6.675307271631596,6.77420061838067,277300
2008-11-28,7.10054874420166,7.308225003644108,6.98187673068045,6.98187673068045,95600
2008-12-01,5.696262359619141,7.288446401096281,5.56770077468675,6.952209026390902,400900
2008-12-02,6.210508346557617,6.299512123430813,5.696262468554299,5.805044914906058,281100
2008-12-03,6.912651062011719,7.041212644068524,5.8347129128141235,6.131392942682915,190300
2008-12-04,7.515901565551758,8.00047968093875,6.665417824635432,6.882983663073895,439900
2008-12-05,8.376275062561035,8.376275062561035,6.6258606319026665,6.695086213222261,392500
2008-12-08,9.671777725219728,9.879453977438612,8.237823099480401,8.475167118267333,471400
2008-12-09,9.562995910644531,10.957393291040326,9.473991662002868,9.473991662002868,306100
2008-12-10,8.396052360534668,9.57288475892896,8.316937688404783,9.57288475892896,383000
2008-12-11,8.247713088989258,8.712512523435203,7.980700346928392,8.336717336342879,357900
2008-12-12,9.10808563232422,9.10808563232422,8.040036582674324,8.643286211956907,321500
2008-12-15,8.910299301147461,9.365209169550145,8.712512606868328,9.127864193293831,203800
2008-12-16,9.562995910644531,9.5926636791513,9.01908179137319,9.06852870096538,211600
2008-12-17,9.404766082763672,9.622330965063458,9.29598269849247,9.404766082763672,151500
2008-12-18,9.770671844482422,10.482704866303523,9.444323572631358,9.572885155954705,248800
2008-12-19,10.18602466583252,10.383811360260836,9.780561706474131,9.780561706474131,245100
2008-12-22,9.562995910644531,10.3640322621768,9.147643379064334,10.195914278557536,113400
2008-12-23,9.1674222946167,9.62233121093354,9.05863890756586,9.62233121093354,80300
2008-12-24,9.028970718383787,9.13775315723614,8.949856045923664,9.13775315723614,28100
2008-12-26,8.959746360778809,9.157533058375405,8.870742111079998,9.157533058375405,34500
2008-12-29,7.614794731140137,9.088306768485683,7.1401061977988896,8.95974612576112,675200
2008-12-30,7.97081184387207,7.980700471304428,6.9818769518525,7.6147948489092,737800
2008-12-31,8.188376426696777,8.25760247482531,7.713688375582215,8.079593984096688,398100
2009-01-02,8.208155632019043,8.524614335266763,7.891696457210658,8.218045202275867,333600
2009-01-05,8.653176307678223,8.672955449079746,7.960922391688239,8.227934198759197,299400
2009-01-06,8.890520095825195,9.068528590948985,8.583950957691275,8.77184808011645,187000
2009-01-07,8.682844161987305,8.831184894592388,8.405942781494415,8.791627554521975,157900
2009-01-08,6.892872333526611,7.120327256898802,6.51707763228788,7.021433914467557,1648800
2009-01-09,6.833536624908447,7.041212888815595,6.477520576691058,7.041212888815595,318800
2009-01-12,6.704975605010986,6.9126514003020185,6.6555286951660335,6.803868953140212,431200
2009-01-13,6.7247538566589355,6.823647198641433,6.566524037926289,6.665417379908786,209400
2009-01-14,6.3984055519104,6.724754309783513,6.31929087299353,6.615971390492476,483600
2009-01-15,6.042389392852783,6.42807368171893,5.874270467265811,6.378626772466053,375800
2009-01-16,5.983053207397461,6.151171656442116,5.735819611580387,6.151171656442116,583600
2009-01-20,5.874270439147949,6.121504041107573,5.468807482833581,6.0423893639302015,341200
2009-01-21,6.428073406219482,6.526966748926113,5.953384889667002,5.973163558208328,359900
2009-01-22,6.467630863189697,6.556635109055823,6.329180180834016,6.329180180834016,260300
2009-01-23,6.428073406219482,6.526966748926113,6.319290493461861,6.4082947376781565,296400
2009-01-26,6.437963008880615,6.526966781987086,6.250065421005935,6.418183868678447,223900
2009-01-27,6.517077922821045,6.724754186965253,6.339069426948481,6.437963245349095,130400
2009-01-28,6.81375789642334,6.81375789642334,6.517077858817202,6.576413866338429,226100
2009-01-29,6.3588480949401855,6.764311524237188,6.289622987947548,6.764311524237188,146800
2009-01-30,5.7654876708984375,6.428073816683183,5.706151661485567,6.428073816683183,276900
2009-02-02,6.081946849822998,6.220397538236661,5.666594313021328,5.686372982794708,128400
2009-02-03,6.03249979019165,6.131393136609087,5.735819750939343,6.111614467325599,173100
2009-02-04,5.854491710662842,6.161061317405979,5.834713041568468,6.002831964650984,94400
2009-02-05,6.101725101470947,6.180839775143075,5.795155505211129,5.814934173629161,352200
2009-02-06,6.675307273864746,6.774200620646904,6.091835820509004,6.111614489865436,476900
2009-02-09,6.615971088409424,6.784090009211861,6.517077744278774,6.625860187042158,226200
2009-02-10,6.437963008880615,6.8335363817108306,6.358847862753915,6.5961923580127015,273600
2009-02-11,6.111614227294922,6.467630731975988,6.012720884761474,6.408294726455919,165600
2009-02-12,6.131392955780029,6.259954538111452,5.933606268778348,6.240175869411283,201800
2009-02-13,6.230287075042725,6.477520681646632,6.072057246154961,6.121504156100015,230800
2009-02-17,5.894049167633057,6.131393201548691,5.765487580148416,6.0226107551176975,296000
2009-02-18,6.269844055175781,6.428073403437921,5.795155538828708,5.953384887090848,186700
2009-02-19,5.824823379516602,6.368737478387804,5.7951556121225565,6.368737478387804,120900
2009-02-20,5.449028968811035,5.903938375543712,5.271020468528867,5.765487686538115,234100
2009-02-23,5.518253803253174,5.834712976811593,5.419360458878875,5.478696465503454,139600
2009-02-24,5.824823379516602,5.83471294968839,5.5479220165557654,5.617147121515645,155300
2009-02-25,5.607258319854736,5.864381027649407,5.518254069837777,5.795155919023492,171800
2009-02-26,5.310577392578125,5.795155473510112,5.300688294203531,5.6369256554707645,118800
2009-02-27,5.538032531738281,5.844602138378792,5.152348248746757,5.211684256010018,121900
2009-03-02,5.409471035003662,5.577589960768427,5.261131250209505,5.429249704413595,148500
2009-03-03,5.102901458740234,5.5083648917953445,4.974340342464886,5.42924974204655,181500
2009-03-04,4.8655571937561035,5.271020136048893,4.806221187925011,5.2017950316929475,163800
2009-03-05,4.56887674331665,4.954561492803871,4.469983399176592,4.825999909641464,116300
2009-03-06,4.351311206817627,4.608433890981418,4.064520284854616,4.608433890981418,281300
2009-03-09,4.242528438568115,4.618323614910815,4.153524193760461,4.282085775913593,177300
2009-03-10,4.460094451904297,4.509540889872049,4.3414219633482,4.3414219633482,140300
2009-03-11,4.618323802947998,4.628212901906678,4.440315306084991,4.509540885038458,121400
2009-03-12,5.389692306518555,5.6072581392038,4.58865549685525,4.598545067232157,169200
2009-03-13,5.557811260223389,5.577589929522521,5.251241650306512,5.399581905830336,92800
2009-03-16,5.488585948944092,5.6468152974412895,5.43913904175839,5.557811053131288,84800
2009-03-17,6.091835975646973,6.091835975646973,5.4786967384223875,5.4786967384223875,129900
2009-03-18,6.378626823425293,6.457741973174087,5.824823604547806,6.042389441125803,157600
2009-03-19,6.210508346557617,6.576413967691374,6.141282767602308,6.487409719257501,133800
2009-03-20,6.200618743896484,6.536856594849812,6.170950504052089,6.309401661245033,719900
2009-03-23,6.408294677734375,6.42807334609069,5.874270160553231,6.3489586726654315,588300
2009-03-24,6.220397472381592,6.497299317838053,6.180840133253622,6.428073738583768,128800
2009-03-25,6.3984055519104,6.467631131743003,5.973163916951882,6.299512203264313,201200
2009-03-26,6.892872333526611,6.922540572036312,6.51707763228788,6.51707763228788,219700
2009-03-27,6.873094081878662,7.060991679673938,6.596192706277705,6.813758072821314,144100
2009-03-30,6.546745777130127,6.902762301993355,6.368737750478854,6.764311614597919,185900
2009-03-31,6.546745777130127,6.625860455641804,6.329180411223015,6.606081786013885,162400
2009-04-01,6.645638942718506,6.675307182125758,6.111614405873298,6.418184012465127,94000
2009-04-02,6.55663537979126,7.169774612816146,6.467631130249986,6.675307398139171,291200
2009-04-03,6.942319393157959,6.9620980620790665,6.576413782337141,6.576413782337141,219100
2009-04-06,6.853315353393555,6.981876941028464,6.546745740113856,6.912651361941818,117900
2009-04-07,6.507188320159912,6.774200591086938,6.457741882764935,6.774200591086938,254400
2009-04-08,6.7247538566589355,6.7742002918698585,6.52696670113329,6.576413607904864,127900
2009-04-09,7.051102161407471,7.169774172466848,6.873093673257751,6.892872341767648,292200
2009-04-13,7.852138996124268,7.901585431950701,6.714864370267106,7.041212638652062,366600
2009-04-14,7.3873395919799805,7.733467001332032,7.02143398550224,7.713688332645685,341100
2009-04-15,7.486233711242676,7.614794827148835,7.35767212377584,7.35767212377584,192900
2009-04-16,7.604905605316162,7.723577620340231,7.367561103707353,7.595016034950488,206000
2009-04-17,7.941143035888672,8.07959419259726,7.535680079318014,7.644462996285998,252000
2009-04-20,7.595016002655029,7.822470932930982,7.525790896632349,7.802692263844406,375000
2009-04-21,8.11915111541748,8.198265788593284,7.585126599920162,7.585126599920162,351900
2009-04-22,8.455389022827148,8.821294625284764,7.891696264118455,8.010368746493363,396500
2009-04-23,8.267491340637207,8.53450408444113,8.069704646960977,8.485057175241735,235500
2009-04-24,8.25760269165039,8.603729168896223,8.218045353018828,8.376274707545077,214800
2009-04-27,8.099371910095215,8.188376152478892,7.891696130467712,8.188376152478892,320400
2009-04-28,8.178487777709961,8.277380649866332,7.921364612485022,8.04003662494546,171100
2009-04-29,8.465278625488281,8.702622648032108,8.168598125747843,8.227933659823146,219800
2009-04-30,8.653176307678223,8.900409916469028,8.485057378250765,8.564172057614114,307400
2009-05-01,8.465278625488281,8.712512218085095,8.376274381254019,8.653175740888484,165700
2009-05-04,8.752069473266602,8.999303063549599,8.415831639582319,8.504835882983606,212100
2009-05-05,8.821294784545898,8.900409459850419,8.287270254679727,8.712512341782514,369300
2009-05-06,8.742179870605469,8.91029878681875,8.485056711323827,8.87074145024629,202300
2009-05-07,8.267491340637207,8.989413951457133,7.970811771683537,8.791627257780902,229000
2009-05-08,8.742179870605469,8.989413459963671,8.356495131683005,8.356495131683005,169700
2009-05-11,8.831184387207031,8.96963459793829,8.326827622945462,8.574061219961369,185100
2009-05-12,8.62350845336914,8.860852489110707,8.58395111407888,8.860852489110707,227300
2009-05-13,8.267491340637207,8.514724943512832,8.178488035823916,8.465278977434787,200300
2009-05-14,8.415831565856934,8.682843350600384,8.14881883799219,8.277380416987663,127500
2009-05-15,8.425721168518066,8.514724468364697,8.138929299789726,8.46527850504589,160700
2009-05-18,8.920188903808594,8.94985667227711,8.356495644178656,8.504836372763947,154500
2009-05-19,8.801515579223633,8.95974587178661,8.534503787821157,8.821294719464499,132000
2009-05-20,8.920188903808594,9.088306887211088,8.791627316283217,8.791627316283217,131600
2009-05-21,8.77184772491455,9.009191746721172,8.514724563063389,8.77184772491455,146900
2009-05-22,8.48505687713623,8.920188531057805,8.415831772561972,8.801515575900055,110800
2009-05-26,8.841073036193848,9.01908152828463,8.415831889596674,8.415831889596674,188200
2009-05-27,8.554282188415527,8.949856514550254,8.544393561181197,8.76195845027789,130500
2009-05-28,8.307048797607422,8.643286653203392,8.040036993124446,8.643286653203392,125000
2009-05-29,8.465278625488281,8.494946392525932,8.218045032891467,8.356495241148044,188600
2009-06-01,8.939967155456543,9.019081833928793,8.504836423859166,8.554282390563301,270600
2009-06-02,9.543216705322266,9.602553185057758,8.8905201438386,8.939967053097952,367500
2009-06-03,9.592663764953612,9.661889816250415,9.13775389025496,9.384987497305938,219500
2009-06-04,9.493770599365234,9.622331241176289,9.335540303441366,9.612442613967133,241800
2009-06-05,11.39252471923828,11.837545009775734,9.839897072840436,10.38381118044014,1875700
2009-06-08,11.432082176208496,11.867212900936094,11.036507846971151,11.42219260577526,345500
2009-06-09,10.225582122802734,11.234294747596394,10.215692552186775,11.1354018708009,566100
2009-06-10,10.067352294921877,10.522262147660149,9.750892651850911,10.364031854564006,353600
2009-06-11,9.691556930541992,10.195913681215394,9.68166736057868,10.067352101056215,268700
2009-06-12,10.344253540039062,10.383810877084054,9.651999670191053,9.839896785374435,314800
2009-06-15,9.66188907623291,10.275028261583586,9.562995263738388,10.275028261583586,258600
2009-06-16,9.671777725219728,9.978347790160482,9.661889098444576,9.83000707107768,138600
2009-06-17,9.64211082458496,9.80034018465309,9.325652104448707,9.64211082458496,173600
2009-06-18,9.206979751586914,9.602553137458184,9.009192115529936,9.602553137458184,289400
2009-06-19,9.266315460205078,9.29598322891673,8.801516015822832,8.94985674562382,323000
2009-06-22,9.523438453674316,9.760782485032353,9.117975497657335,9.266315281475771,432900
2009-06-23,9.236647605895996,9.889344170231883,9.20697983745928,9.5827740859813,318500
2009-06-24,9.414655685424805,9.533327697032515,9.1080856147639,9.286094103736124,435800
2009-06-25,9.849786758422852,9.859676328869062,9.375097751339608,9.375097751339608,341300
2009-06-26,10.403590202331545,10.472815307612027,9.54321645582765,9.869564728037544,1406400
2009-06-29,10.809053421020508,10.858499387105413,10.235471537719205,10.364032181285571,417100
2009-06-30,10.996950149536133,11.095843964398965,10.472815194254286,10.759606125610915,522200
2009-07-01,11.244183540344238,11.34307735341966,11.016729090640586,11.26396268020784,253800
2009-07-02,10.512372970581056,11.13540176674396,10.472815631608237,11.125512196220416,213200
2009-07-06,10.83872127532959,10.878278614384314,10.284917585442082,10.621155438967923,252700
2009-07-07,10.75960636138916,10.868388805625,10.354143409184898,10.868388805625,215400
2009-07-08,10.62115478515625,10.858498804874298,10.492593205361985,10.769495504821004,217600
2009-07-09,10.85849952697754,10.996950685914218,10.364032314788297,10.72004931116222,290900
2009-07-10,10.670601844787598,10.809052996503276,10.433257821664702,10.769495659316126,204100
2009-07-13,11.194737434387209,11.204627005026252,10.373921933773806,10.749717129965216,197900
2009-07-14,10.423368453979492,10.739827157621406,10.136577518023676,10.739827157621406,779100
2009-07-15,10.62115478515625,10.769495504821004,10.284916952328366,10.532150541981656,314200
2009-07-16,10.324474334716797,10.72993821576752,10.24535966112673,10.53215058867105,363100
2009-07-17,10.828831672668455,10.878278582120547,10.156356910732615,10.433258283294432,516800
2009-07-20,10.878278732299805,10.97717255256926,10.660712893579824,10.848610963467516,295400
2009-07-21,11.056286811828612,11.263963072013777,10.818941840816048,10.898057459901125,215800
2009-07-22,11.402413368225098,11.42219250892386,10.987060844764496,11.03650775339006,381000
2009-07-23,11.35296630859375,11.481527892061685,10.898057396029046,11.343077681497236,332900
2009-07-24,11.254073143005373,11.352966013247096,10.917835309316642,11.303520049686885,84200
2009-07-27,11.006839752197266,11.27385154412244,10.79916349486821,11.27385154412244,69300
2009-07-28,11.20462703704834,11.214516607715648,10.779384929567758,11.02661853752226,119900
2009-07-29,11.234294891357422,11.432082533722149,10.957393512416733,11.085955102705253,97500
2009-07-30,11.39252471923828,11.491417593179197,11.06617550018139,11.333188240376664,131700
2009-07-31,11.20462703704834,11.4815284138834,11.18484883883509,11.29363128681138,85100
2009-08-03,11.481528282165527,11.491417852719382,10.947503732835068,11.263963388708888,143400
2009-08-04,11.194737434387209,11.432082414117453,11.184848806869528,11.37274593340455,73200
2009-08-05,10.987060546875,11.43208176931799,10.927725012630145,11.184848176014691,163300
2009-08-06,10.878278732299805,11.263963499605037,10.799164053332788,10.99695075075033,72900
2009-08-07,11.41230297088623,11.481528077285216,10.858499290330329,11.056286925392582,233100
2009-08-10,11.788098335266112,11.867213013237992,11.313409324313488,11.313409324313488,343700
2009-08-11,11.382635116577148,11.77820849745991,11.273851729493389,11.69909382128336,197200
2009-08-12,11.3331880569458,11.718872805500554,11.293630719385414,11.432081872407426,101800
2009-08-13,11.18484878540039,11.50130750027146,11.066175824202377,11.432082392173754,116100
2009-08-14,10.660712242126465,11.184848137155832,10.631044475107108,11.1354012300427,202300
2009-08-17,10.166245460510254,10.581597987742589,10.087130783239465,10.462925971836398,163800
2009-08-18,10.136577606201172,10.334364297697904,10.017905591303132,10.186024514855688,145600
2009-08-19,10.542040824890137,10.542040824890137,9.948680735465231,10.047573612142036,121200
2009-08-20,11.155179977416992,11.402413582059966,10.423368734022915,10.462926073040938,233400
2009-08-21,11.501307487487791,11.62986907604161,10.54204083019938,11.31340941840092,199700
2009-08-24,11.669425964355469,11.778208407486911,11.432081937638868,11.432081937638868,185900
2009-08-25,11.797987937927246,11.86721304556085,11.550754332811396,11.748541028279805,175400
2009-08-26,11.540864944458008,11.867213232913418,11.461750265021628,11.748541213758848,167200
2009-08-27,11.738651275634766,11.738651275634766,11.20462673459323,11.47163947667467,264500
2009-08-28,11.659536361694336,11.857323050074635,11.619979024018274,11.817765712398575,160500
2009-08-31,11.39252471923828,11.530974931379829,11.263963134305891,11.530974931379829,138500
2009-09-01,11.718873023986816,11.985884821717251,11.382635176894068,11.382635176894068,587700
2009-09-02,12.015552520751951,12.025442091050046,11.59031137226868,11.649646907814564,432900
2009-09-03,12.35179042816162,12.37156956885748,11.867212798569168,12.094667257843502,400600
2009-09-04,14.83401584625244,15.031802535578208,12.90559397486389,13.103380664189658,3145100
2009-09-08,14.735121726989746,15.269146248747354,14.685675763016196,14.853794681265937,863600
2009-09-09,14.250544548034668,14.745011747858891,14.210987209773585,14.626339733075636,484900
2009-09-10,13.934085845947266,14.695564843472136,13.934085845947266,14.191209016278815,556000
2009-09-11,13.874749183654783,14.48788839033709,13.815413648590772,14.072535872403702,330400
2009-09-14,14.468110084533691,14.675786341943123,13.894528219902174,13.98353246495212,372600
2009-09-15,14.398884773254396,14.616449654565695,13.89452802061934,14.398884773254396,323600
2009-09-16,14.824126243591309,14.883462721819958,14.339548620022429,14.398885098251077,188000
2009-09-17,15.051581382751465,15.288925405317109,14.567002824444971,14.72523311594338,270700
2009-09-18,15.773503303527832,15.822950211563231,15.209811004039716,15.209811004039716,444400
2009-09-21,15.447154998779297,15.822950178697932,15.34826212603523,15.496601906711993,185200
2009-09-22,15.56582736968994,15.902065219614345,15.506491833304077,15.506491833304077,198800
2009-09-23,15.516380310058594,15.822950388815276,15.476822971811409,15.75372528266304,212800
2009-09-24,15.635053634643556,15.65483183267038,14.992245694147991,15.65483183267038,254400
2009-09-25,15.45704460144043,15.605384382428616,15.209811004379237,15.605384382428616,306500
2009-09-28,16.0701847076416,16.109742990780013,15.101029405663631,15.62516439666965,289400
2009-09-29,16.34708595275879,16.614096801362123,16.248192137677766,16.426200627575078,410200
2009-09-30,16.327306747436523,16.61409673516185,16.07018358374745,16.436090132216453,265900
2009-10-01,15.852619171142578,16.623986798871417,15.803171319209522,16.297638521083982,254000
2009-10-02,15.575716972351074,15.714168129406769,15.397708476582515,15.605384740605384,269600
2009-10-05,16.1492977142334,16.169076853753026,15.328482286594491,15.724055645774223,247500
2009-10-06,16.80199432373047,16.80199432373047,16.277858440943167,16.287748010759067,222600
2009-10-07,16.44597816467285,16.9602245029515,16.099852635295555,16.811884720897993,471900
2009-10-08,16.663545608520508,16.841554108635606,16.060294999517733,16.604210070563056,468100
2009-10-09,17.217348098754883,17.247016810397874,16.396532605725955,16.60420981474146,248600
2009-10-12,17.24701690673828,17.64259029964089,17.197569053723754,17.217348194929563,378800
2009-10-13,16.871219635009766,17.118453224739508,15.9416226957206,15.9416226957206,411800
2009-10-14,16.950334548950195,17.652478934598516,16.950334548950195,17.078897073730968,503600
2009-10-15,16.99978256225586,17.286572552316684,16.564650905835233,16.890999176590043,197500
2009-10-16,16.495426177978516,17.04922891665674,16.44597832598057,16.920668273947445,269600
2009-10-19,16.762439727783203,16.980004628330075,16.386643579460774,16.604210366250424,150200
2009-10-20,16.248191833496094,17.088786416584096,15.813060187031258,16.801994546842412,169700
2009-10-21,15.94162368774414,16.910778967095602,15.882286264421852,16.198744977169863,392500
2009-10-22,16.683324813842773,16.74266035202757,16.000959522867998,16.000959522867998,210700
2009-10-23,15.842729568481444,16.762438863893156,15.733946180693016,16.762438863893156,240600
2009-10-26,15.733945846557615,16.475646632107132,15.674610311861594,15.77350318406207,149500
2009-10-27,15.555937767028809,15.941623468344757,15.427377124085284,15.73394626206037,265500
2009-10-28,15.229589462280272,15.64494198789895,15.209811264600088,15.45704486589114,333000
2009-10-29,15.704277992248535,15.714167562350216,15.229589001702308,15.308703676273128,116700
2009-10-30,14.972467422485352,15.902065360086857,14.834016264493062,15.635053557749083,236200
2009-11-02,15.209811210632324,15.476823008656146,14.656007530731994,14.96257761021851,148100
2009-11-03,15.585606575012209,15.60538477284883,14.45822100468421,14.695565037451784,230800
2009-11-04,15.783392906188965,16.030625560631297,15.496601970739972,15.605384414144304,194600
2009-11-05,16.821773529052734,16.831663098907253,15.78339227236035,15.892174711396205,251000
2009-11-06,16.831663131713867,16.960223767588047,16.22841257311039,16.584429543596716,154600
2009-11-09,17.16790199279785,17.2964626363877,16.623986934551073,16.920668389842778,212100
2009-11-10,17.603031158447266,17.741483253890696,16.83166355147982,17.12834311012228,364000
2009-11-11,17.296463012695312,17.692036408781114,16.98000429582667,17.672259153658878,327100
2009-11-12,16.871219635009766,17.444801487733066,16.574540081831113,17.30635128108204,165200
2009-11-13,17.523916244506836,17.701924731759362,16.228412756297207,16.980003099006428,196000
2009-11-16,17.949159622192383,18.00849516015827,17.573365366751446,17.701926013384657,286600
2009-11-17,17.830488204956055,17.96893841964054,17.38546696312348,17.959048849128408,142400
2009-11-18,17.296463012695312,17.99860744121001,17.296463012695312,17.889824049945386,166500
2009-11-19,16.67343521118164,17.2569066799028,16.41631203121615,17.227237967745832,218700
2009-11-20,16.623987197875977,16.871220804747242,16.258082516002432,16.614097627251997,199200
2009-11-23,17.088787078857422,17.217347720668474,16.871220304071937,16.871220304071937,159300
2009-11-24,16.75255012512207,17.30635288943605,16.643766731933642,17.148123528203485,162800
2009-11-25,16.59432029724121,16.950335406881607,16.495426477691154,16.782216479519327,120200
2009-11-27,16.119630813598633,16.50531653253558,15.961401452173188,16.030626562016472,130900
2009-11-30,16.248191833496094,16.32730650683128,15.79328199025811,16.277858657095166,236000
2009-12-01,17.28657341003418,17.99860740791416,16.327307690520325,16.327307690520325,815300
2009-12-02,17.998607635498047,18.048053603201495,17.444802988757075,17.484361271914043,436200
2009-12-03,17.711814880371094,18.038163155581312,17.494249992311836,17.998606760589933,644200
2009-12-04,17.70192527770996,18.433736503018345,17.069007869063288,17.138232974853686,949700
2009-12-07,18.038164138793945,18.20628307071703,17.365688411101612,17.701926274947777,427300
2009-12-08,17.70192527770996,18.19639247477584,17.642589742210003,17.968938016823774,241200
2009-12-09,17.28657341003418,17.7711510551232,17.13823362255676,17.70192594671659,192200
2009-12-10,17.24701690673828,17.425025405105135,17.05911883776852,17.405246263899325,348500
2009-12-11,17.830488204956055,17.939269708104135,17.306352285269103,17.44480249995359,272500
2009-12-14,18.62163543701172,18.631525007764704,17.682146964148266,17.96893885725662,241100
2009-12-15,18.404069900512695,19.036987316798196,17.988717374514664,18.621634790800165,279200
2009-12-16,18.3447322845459,18.591965883454833,18.216171643060022,18.502961636948204,259500
2009-12-17,17.96893882751465,18.285397546115412,17.731594788564077,18.17661415425537,196800
2009-12-18,17.662368774414062,18.156835968445876,17.326130931573015,18.137056827986367,449000
2009-12-21,17.53380584716797,18.008493889897593,17.464580743383557,17.810708148548223,156800
2009-12-22,17.86015510559082,17.95904892488664,17.54369639283836,17.61292150047262,191200
2009-12-23,18.196392059326172,18.364510977939883,17.86015422209875,17.87993336222804,103400
2009-12-24,18.14694595336914,18.30517530068114,18.008493859789187,18.30517530068114,52500
2009-12-28,18.038164138793945,18.324956034645055,17.968939029103755,18.15683710272197,188300
2009-12-29,18.245840072631836,18.43373624681061,17.87004395178901,18.12716711703867,68800
2009-12-30,18.14694595336914,18.27550659071916,17.89971236241382,18.216171057037815,85800
2009-12-31,17.959049224853516,18.354622622401287,17.810709436553445,18.09749944243455,161800
2010-01-04,18.641414642333984,19.036988042593876,18.384291460604366,19.017208901020194,594700
2010-01-05,18.552410125732425,18.947983520325735,18.3546224853144,18.710639483569743,501000
2010-01-06,19.0073184967041,19.036987207763566,18.483184471685664,18.54252000756191,340400
2010-01-07,20.62917137145996,20.74784243846916,19.15565940010462,19.383113850407756,1530400
2010-01-08,21.370872497558594,21.380762067680944,20.639061284688317,20.767621923793612,619400
2010-01-11,21.044525146484375,21.380763000340963,20.81706879623359,21.380763000340963,403900
2010-01-12,20.90607261657715,21.360983421514184,20.639061762068263,21.044524715249818,234900
2010-01-13,21.07419204711914,21.173085866766876,20.401716337005823,20.401716337005823,195600
2010-01-14,20.21381950378418,21.242310290778587,20.174261222701524,20.856626481436017,438300
2010-01-15,20.124814987182617,20.312713047315196,19.531453982614167,20.312713047315196,236400
2010-01-19,19.98636245727539,20.223708362940336,19.84791225083967,19.946806063826298,378200
2010-01-20,19.877582550048828,20.085257876308432,19.491896837185248,19.86769297933512,298100
2010-01-21,19.778688430786133,20.263266070991268,19.28422122001648,19.936917787333005,283400
2010-01-22,19.828134536743164,20.263266213427073,19.35344646376584,19.739130287279576,289100
2010-01-25,19.521564483642575,20.243486130148696,19.51167491346874,19.92702742955657,154700
2010-01-26,19.749019622802734,20.035811509047335,19.02709795129715,19.442450481768244,458700
2010-01-27,19.68968391418457,19.77868816181214,19.42267117130186,19.70946305504463,122700
2010-01-28,19.07654571533203,19.936917597586863,18.938093614989175,19.77868824254592,207100
2010-01-29,19.185327529907227,19.749019852184617,19.08643370983829,19.096323280469456,192000
2010-02-01,19.57101249694824,19.76879824333859,19.205105942449975,19.27433104799873,233800
2010-02-02,19.27433204650879,19.521565656986706,18.671081433345005,19.521565656986706,363900
2010-02-03,18.90842628479004,19.402893477646817,18.789753328557644,19.224884986419553,91400
2010-02-04,17.81070899963379,18.799643412364752,17.800819429157354,18.720528734795984,329500
2010-02-05,17.721704483032227,17.929379801162103,17.326131101182938,17.800819159402085,343200
2010-02-08,17.672258377075195,18.39418002898825,17.3360205336171,17.65247923657939,214000
2010-02-09,17.741483688354492,18.05794239498744,17.60303158952057,17.919492182396194,464300
2010-02-10,17.098676681518555,17.800819200127084,16.861330765623304,17.642589847025366,587100
2010-02-11,17.553585052490234,17.721703970696183,16.861330239585122,16.97011362378974,216800
2010-02-12,17.662368774414062,17.70192516909043,17.33602050180277,17.33602050180277,294000
2010-02-16,18.18650245666504,18.285396270891606,17.721703981915564,17.94915843426684,185900
2010-02-17,18.245840072631836,18.473294527422546,18.05794201221042,18.324954747613067,211200
2010-02-18,18.21617126464844,18.33484421960626,18.038162775333017,18.166725300390876,92700
2010-02-19,17.741483688354492,18.24584045939176,17.731594117991875,18.22606131866653,315400
2010-02-22,17.78104019165039,18.07772164560427,17.365687665109114,17.751373366624886,201300
2010-02-23,17.523916244506836,17.810708115356487,17.078896912618124,17.751372581686514,542500
2010-02-24,18.156835556030273,18.226060659823517,17.425024351834715,17.553584989416084,187100
2010-02-25,17.89971351623535,18.295286910014138,17.751373729348646,17.87993437498573,204700
2010-02-26,18.127166748046875,18.29528566474014,17.919491437789517,17.968937401305286,112600
2010-03-01,18.90842628479004,18.997428644161023,18.17661317946847,18.295286135700863,360000
2010-03-02,19.45233917236328,19.472118312501177,18.918313706095784,19.0270970906116,298800
2010-03-03,19.749019622802734,19.80835704590054,19.05676666284605,19.432560911251944,404800
2010-03-04,20.975297927856445,20.975297927856445,19.65012755397959,19.808356908658705,553000
2010-03-05,21.163196563720703,21.38076334694472,20.728064883515422,21.212644417291045,546500
2010-03-08,20.74784278869629,21.499433141997734,20.51049876442888,21.173084872849717,440100
2010-03-09,20.935741424560547,21.25220013229008,20.49072018791421,20.787401641092664,559400
2010-03-10,21.232419967651367,21.380761630208777,20.846736171984325,21.004965518219144,250400
2010-03-11,21.301647186279297,21.32142444008949,20.411604746329097,21.163195092152257,481900
2010-03-12,23.071840286254883,23.091619427647274,21.341205025518363,21.697222025610408,1976200
2010-03-15,21.865339279174805,22.804825788397057,20.9357404536482,22.270802215429924,1143200
2010-03-16,22.60704040527344,22.686155079785852,21.66755199497621,22.102683647915807,528700
2010-03-17,22.241134643554688,22.91361034382104,22.191688677576213,22.755380989198688,310500
2010-03-18,22.389474868774418,22.478479118283087,21.63788447639159,22.241135081674205,237100
2010-03-19,21.459877014160156,22.251023771540073,21.370872768174586,21.459877014160156,448500
2010-03-22,21.825782775878903,21.904897455581633,21.084081946324837,21.27198001795984,339700
2010-03-23,21.964231491088867,22.053235735445444,21.380761947101764,21.895006386865447,290200
2010-03-24,21.72688865661621,22.0433492573283,20.76762294260061,21.81589290584106,288800
2010-03-25,22.468589782714844,23.022394426838975,21.756557665438784,21.835672345136125,545300
2010-03-26,22.25102424621582,22.88394166562163,22.152130427872983,22.725712310770177,254300
2010-03-29,22.557592391967773,22.646596635932084,22.082904348319857,22.42903175415411,209600
2010-03-30,22.95316696166992,23.19051288214498,22.54770400074266,22.725712497977597,345100
2010-03-31,22.36969757080078,23.13117564611827,22.290582892083012,22.96305671806267,459800
2010-04-01,21.904895782470703,22.7652695089843,21.59832665781895,22.557592311725458,421600
2010-04-05,22.37958526611328,22.37958526611328,21.400540409161504,22.01368058420584,501500
2010-04-06,22.93338966369629,23.00261477110351,22.330139065588728,22.39936417299595,261700
2010-04-07,21.954343795776367,22.943278167005165,21.84556041134356,22.84438435263376,340100
2010-04-08,21.904895782470703,22.221354477110268,21.647772621515404,21.94445406242195,137200
2010-04-09,22.943279266357425,23.121285877264185,21.93456570667221,21.93456570667221,428400
2010-04-12,22.963056564331055,23.83331991064304,22.785049953089832,22.88394188614294,759100
2010-04-13,22.587261199951172,22.883940756956555,22.19168782852979,22.883940756956555,248300
2010-04-14,23.002614974975582,23.032283686802796,22.468589479542175,22.77516050969516,240000
2010-04-15,23.546527862548828,23.82343017743808,23.052060655688333,23.10150850812001,269700
2010-04-16,23.34874153137207,23.714646199060788,22.844384766557685,23.546527277455993,206400
2010-04-19,21.92467498779297,23.259736760245072,21.81589160384541,23.21028891015863,432000
2010-04-20,22.567481994628903,22.626817528610054,22.00378970620144,22.033458416313323,214700
2010-04-21,22.923500061035156,23.04217113464038,22.181799249153052,22.527926671946577,327400
2010-04-22,24.31789779663086,24.5750209749072,22.498258293631164,22.735602330599463,602500
2010-04-23,25.079376220703125,25.11893261464735,24.02121674685909,24.45634651145866,446800
2010-04-26,24.69369125366211,25.474950333942072,24.456347224350427,25.17826888262046,268300
2010-04-27,22.49825668334961,23.388297229838,21.420318080368837,22.616929636461276,1543000
2010-04-28,22.72571182250977,23.457523044535492,22.607040752042163,23.05206009565965,407900
2010-04-29,23.813539505004883,23.833318645062292,22.982834485019847,23.002613625077256,305000
2010-04-30,22.864164352416992,24.476126608180692,22.83449564111728,23.882765585885352,353500
2010-05-03,23.66520118713379,24.278339476801406,23.04217144058458,23.210290368959775,309600
2010-05-04,22.755380630493164,23.506970996222964,22.577372137788387,23.477302285357947,254700
2010-05-05,22.25102424621582,22.874052095163076,21.76644661120291,22.389474460150165,270700
2010-05-06,21.746667861938477,22.51803739541353,20.480831114086723,22.231245505678523,430000
2010-05-07,21.004966735839844,22.221355612872877,20.906072917149736,21.70711115092118,285300
2010-05-10,22.567481994628903,22.745490482814972,21.954343742257585,22.40925264651743,353200
2010-05-11,23.141063690185547,23.823428928014224,22.2609127117312,22.42903162869645,287300
2010-05-12,24.426679611206055,24.762917446772715,23.071838698923624,23.31907229059072,299400
2010-05-13,23.912433624267575,25.118932889530065,23.694866853344283,24.66402397985889,476300
2010-05-14,23.47730255126953,23.96188018343065,23.239958520389145,23.61575276438908,240700
2010-05-17,23.497081756591797,24.476126594002785,23.378408797704395,23.69486750641388,693900
2010-05-18,23.23995780944824,24.22889218431838,23.210289099154792,23.66519989244122,195600
2010-05-19,23.249847412109375,23.704756319790317,22.65648640910772,23.05205978236128,203300
2010-05-20,21.914785385131836,22.715821692912847,21.855449851359104,22.597150625367384,313300
2010-05-21,23.06195068359375,23.566307470944174,21.113750528969465,21.459877957885567,422500
2010-05-24,23.289403915405273,23.803650246165045,23.07183903065736,23.07183903065736,244100
2010-05-25,22.60704040527344,22.834494858716305,21.75655623958301,22.458698740100363,464200
2010-05-26,23.358631134033203,23.823429618530326,22.537815665351168,22.92349947405638,759700
2010-05-27,24.31789779663086,24.505795866571788,22.982835938221783,24.050885047700497,317200
2010-05-28,25.29694175720215,25.71229427869227,24.535461820096483,24.970593482191532,636300
2010-06-01,24.47612571716309,25.69251454252993,24.47612571716309,25.128822252054693,487900
2010-06-02,23.328962326049805,24.812363905648176,22.607040676676835,24.545351168622233,1154600
2010-06-03,23.63553237915039,23.87287641479021,22.913610701632276,23.28940495316797,482500
2010-06-04,22.90372085571289,23.63553209503273,22.47847875629561,23.437746344165117,781100
2010-06-07,21.984010696411133,23.22017866475961,21.331314160022544,23.141063990235015,925800
2010-06-08,21.18297576904297,22.27080402971601,21.014856838882203,22.033459990590707,577600
2010-06-09,21.65766334533691,21.94445523153477,21.004966781309097,21.360983774867073,930300
2010-06-10,22.152130126953125,22.349917760951996,21.677442068847046,21.944454808872717,849200
2010-06-11,24.40690040588379,24.59479846319607,22.36969614414456,22.419142107848664,5334600
2010-06-14,24.258562088012695,24.614577197835136,23.48719255861909,24.476126982139892,1084400
2010-06-15,24.84203338623047,25.089266990492845,24.53546235885037,24.901368923105483,889300
2010-06-16,25.563955307006836,26.20676230710231,24.584910450939688,24.762918949541483,1434600
2010-06-17,25.514507293701172,26.1672038603138,24.58491029655149,25.84085557700749,677800
2010-06-18,25.890302658081055,26.19687179114195,25.54417524398383,25.682625455125656,781800
2010-06-21,25.26727294921875,26.453994973557652,24.8519204293244,26.19687180540947,864400
2010-06-22,24.77280616760254,25.58373396666203,24.634355954070703,25.24749611701955,702000
2010-06-23,24.69369125366211,24.93103528297379,24.18933448403378,24.723359964667072,506100
2010-06-24,24.149778366088867,24.53546218236628,23.833319656708152,24.476126645918068,564800
2010-06-25,24.64424514770508,24.64424514770508,23.595975219328515,24.19922391638157,897500
2010-06-28,25.53428649902344,25.741963708691213,24.64424589560815,24.654135466186876,727000
2010-06-29,23.773983001708984,24.980482246018603,23.546526664580913,24.980482246018603,669800
2010-06-30,23.3981876373291,24.209113539517908,23.160843608852577,23.70475677166429,479300
2010-07-01,22.74549102783203,23.724535850072204,22.42903232402624,23.48719182221786,1364600
2010-07-02,22.82460594177246,23.052060401724177,22.53781594579914,22.864164223281985,488800
2010-07-06,21.964231491088867,23.615751967354896,21.77633531855176,23.042170107191744,933200
2010-07-07,23.09161949157715,23.200400997050973,21.815893161877252,21.974122520968947,789800
2010-07-08,22.715822219848633,23.467412581294003,22.3598071227112,23.348741510995744,539000
2010-07-09,23.249847412109375,23.27951612244438,22.251023465742488,22.696044689554387,281400
2010-07-12,22.834495544433594,23.22017935848333,22.26091366543333,23.18062296316056,412400
2010-07-13,23.625642776489254,23.665201058830235,22.794937709755892,23.230069384293063,437300
2010-07-14,23.338851928710938,23.477302139401623,22.52792603253522,23.477302139401623,391600
2010-07-15,23.042171478271484,23.299294656574254,22.478479154633497,23.299294656574254,378700
2010-07-16,22.518035888671875,22.804825872974263,22.340027401608445,22.775159049292096,564000
2010-07-19,22.646596908569336,22.80482625835686,22.260913104242572,22.646596908569336,495700
2010-07-20,22.89383125305176,22.982835501002015,21.984011518860093,22.409253617679624,445800
2010-07-21,22.60704040527344,23.052059742064788,22.201577462616985,23.052059742064788,321700
2010-07-22,23.853097915649418,23.9025438798209,22.814715691864546,23.012503321035744,477200
2010-07-23,24.466236114501953,24.48601525462205,23.586085127826458,23.81353958047971,423900
2010-07-26,25.13871192932129,25.217826604001782,24.377232006619867,24.55524049621164,444300
2010-07-27,24.397010803222656,25.603510046667537,24.139887642571924,25.267272212450624,346400
2010-07-28,24.337677001953125,24.5453523275056,23.84320978540791,24.28822914855296,288400
2010-07-29,25.158491134643555,25.385945589158137,24.49590502513913,24.654134374909503,815300
2010-07-30,24.980484008789062,25.247496758449262,24.40690211298718,24.753029541853067,527900
2010-08-02,25.148601531982425,25.58373318640959,24.8914783673774,25.366166416074687,393800
2010-08-03,25.049707412719727,25.207936760363825,24.238781534483053,25.099153376517528,503300
2010-08-04,24.624465942382812,25.16838098881906,24.456347020574174,25.16838098881906,339700
2010-08-05,24.61457633972168,24.69369101539554,23.902544258656945,24.466236558613527,345400
2010-08-06,24.515684127807617,24.604686486454593,23.299293409730513,24.169556718374988,482400
2010-08-09,24.436567306518555,24.723359178384268,24.15966689091592,24.624465364422207,308300
2010-08-10,23.823429107666016,24.387121396375996,23.69486658335937,24.17944608421658,364900
2010-08-11,22.696044921875,23.635531457188627,22.587261535775756,23.239958079885906,495700
2010-08-12,22.715822219848633,22.99272452761566,21.86533992856893,22.270802876866178,265800
2010-08-13,21.9345645904541,22.794936434569873,21.81589163631264,22.55759241252957,449300
2010-08-16,22.33013916015625,22.6762665849009,21.588438344093166,21.895007486584618,401800
2010-08-17,22.98283576965332,23.26962765778824,22.458699846290912,22.62681877369073,361200
2010-08-18,23.773983001708984,23.88276449903882,22.49825676751706,22.834494601974967,381300
2010-08-19,23.18062210083008,24.021216690398557,23.15095339075968,23.7838707823206,522600
2010-08-20,23.10150718688965,23.28940335665566,22.62681726190777,23.14106358032996,530000
2010-08-23,22.93338966369629,23.437746442832378,22.903720952132034,23.180623268003625,326400
2010-08-24,22.7059326171875,23.141064275559177,21.95434414305822,22.666376222558792,364100
2010-08-25,23.319072723388672,23.388297828541447,22.438921724315996,22.438921724315996,266600
2010-08-26,23.01250457763672,23.704757545051244,22.874052475159633,23.477303079454018,385300
2010-08-27,23.447633743286133,23.71464648426545,22.953166542765626,23.37840863701209,309200
2010-08-30,23.279516220092773,23.526749815193625,22.953166063766716,23.259737079786472,615500
2010-08-31,22.44881248474121,23.29929481830803,22.20157887537729,23.29929481830803,769100
2010-09-01,22.01367950439453,22.96305560290299,20.441273690777592,22.67626561381955,3352200
2010-09-02,21.984010696411133,23.230068234855516,21.360982870310256,22.04334811698655,1406700
2010-09-03,26.008974075317383,26.17709299947692,24.03110526696647,24.950814564648475,3125700
2010-09-07,26.10786819458008,26.44410604678335,25.77163034237681,26.1177577650852,859700
2010-09-08,26.41443634033203,26.65178225102955,26.097977641058858,26.453994620862495,813700
2010-09-09,26.058422088623047,26.661670796260307,25.682625956413577,26.622114400694556,419400
2010-09-10,25.91996955871582,26.582555678078357,25.90019230438225,26.068311226794915,363800
2010-09-13,27.34403610229492,27.39348395461838,26.117757658313707,26.206761906253227,774900
2010-09-14,28.27363395690918,28.92633049408135,27.037465987076644,27.21547447653135,1039300
2010-09-15,27.70005226135254,28.243965416860902,27.56160205149426,28.085736066667828,445300
2010-09-16,27.719831466674805,27.838502536476508,27.225364274601535,27.581379370249287,250700
2010-09-17,27.838502883911133,28.135184334603373,27.235254184697983,28.016511377077943,446300
2010-09-20,27.91761779785156,28.01651161559089,27.235254416559847,27.996732474794484,504900
2010-09-21,28.78788185119629,29.143896963231256,28.036291458300443,28.036291458300443,1023600
2010-09-22,27.63082695007324,28.80765749756521,27.4627080309683,28.728542823059502,627000
2010-09-23,27.353925704956055,28.05607011883398,27.205585920296485,27.31436930929343,534600
2010-09-24,28.609872817993164,28.61976238845435,27.70994265469497,27.789057332141756,409900
2010-09-27,28.32308006286621,28.83732639358683,28.28352366847989,28.69887618387076,385700
2010-09-28,29.025224685668945,29.143895756017365,27.779167129554587,28.49119921037308,623000
2010-09-29,29.49002265930176,29.85592920674037,28.63953849612845,29.0647805777151,732000
2010-09-30,28.87688446044922,29.658141634661348,28.688986401337896,29.658141634661348,483000
2010-10-01,29.025224685668945,29.213122747670376,28.49119921037308,29.114228931551587,380500
2010-10-04,28.095626831054688,29.302126149120436,27.947287044723748,29.20323421572829,634000
2010-10-05,28.372528076171875,28.985666339491704,28.154961303951648,28.4714218920681,461200
2010-10-06,27.98684310913086,28.619762415546987,27.739609506095277,28.352749671570308,524300
2010-10-07,28.214298248291016,28.540646514862004,27.452818330877832,28.283523352375372,812000
2010-10-08,28.63953971862793,28.787881389694043,28.253855900838527,28.273635041813034,373300
2010-10-11,28.70876693725586,28.92633183095412,28.20441015590548,28.50108972787972,231300
2010-10-12,30.55807304382324,30.656966862563927,28.481310395239728,28.54064781822976,1571900
2010-10-13,30.538293838500977,31.210769541029876,29.994380665936973,30.656966797988368,797800
2010-10-14,30.083383560180664,30.17238780423017,29.282347249977775,29.99437931613117,697500
2010-10-15,30.66685676574707,30.706413161926843,29.895487234692904,30.43940230054589,479000
2010-10-18,31.309663772583008,31.37888888059604,30.75586102223602,30.83497570085702,500700
2010-10-19,30.459178924560547,31.29977354619866,30.182278498309888,30.805306343616557,470800
2010-10-20,30.380064010620117,31.121764808707702,30.300949334273817,30.548182933636344,320600
2010-10-21,30.54818344116211,31.230548714887416,30.27128301247098,30.508627045453107,312000
2010-10-22,30.7261905670166,30.874530345233875,30.16249827804539,30.577850788799328,236600
2010-10-25,31.744792938232425,32.140368209808834,30.844864665499877,30.884421060911905,434600
2010-10-26,31.97224998474121,32.31837550515887,31.27010560137407,31.477780913624663,332300
2010-10-27,31.24043846130371,31.89313502724085,31.022873568072235,31.89313502724085,464100
2010-10-28,30.7954158782959,31.675566869717052,30.666855239307328,31.349220487188937,353900
2010-10-29,30.35039710998535,30.864641561828854,30.340507539686467,30.65696624428021,373400
2010-11-01,30.07349395751953,31.012982360914897,29.677920587863497,31.012982360914897,574600
2010-11-02,30.46906852722168,30.666856162961015,29.757036433796923,30.508626808866623,293200
2010-11-03,31.31955337524414,31.497561873884244,30.459179593897872,30.508627446988307,254200
2010-11-04,31.50745010375977,31.83379648905591,31.042649735702067,31.487670963365257,298400
2010-11-05,31.942581176757812,31.98213945915897,31.299774177680796,31.665680744920607,206600
2010-11-08,32.66450119018555,33.129301553504625,31.853575304704552,31.972250145861715,343800
2010-11-09,32.24915313720703,32.9216288674896,32.041477807336534,32.9216288674896,241100
2010-11-10,32.63483428955078,32.63483428955078,31.992025438489772,32.28870876820116,164500
2010-11-11,32.38759994506836,32.526050150396216,31.96235787299842,32.25903742334171,188200
2010-11-12,31.626121520996097,32.37771377430107,31.46789216858747,32.07114275354702,316900
2010-11-15,31.44811248779297,31.843687748262425,31.161322498819516,31.65578780192106,159700
2010-11-16,31.220659255981445,31.37888861186837,30.17238930166988,31.14154457803798,369200
2010-11-17,31.15143394470215,31.507450936239263,30.666856309689237,31.042650555900764,149900
2010-11-18,31.61623191833496,32.318376319392016,31.40855660085217,31.40855660085217,200200
2010-11-19,31.596454620361328,31.695346550696975,31.289883600344297,31.68545886665754,305000
2010-11-22,32.31837463378906,32.50627080088041,30.943756500499703,31.596453016035845,429900
2010-11-23,33.10952377319336,33.12930291419859,31.883247210752163,31.91291403601731,410700
2010-11-24,34.08856964111328,34.61270366078124,33.218306321346326,33.38642335690574,663700
2010-11-26,34.60281753540039,34.66215118710086,33.950120959296825,34.05890057824285,163100
2010-11-29,34.76104736328125,35.15661887907058,33.821558882992605,33.98967592839382,703000
2010-11-30,34.56325912475586,35.56208124036902,34.1182378762211,34.2566880929907,785000
2010-12-01,36.06644058227539,36.30378273757543,35.18628952577378,35.374185713093446,857500
2010-12-02,35.324737548828125,36.82791827138307,34.97860824951467,36.01698860248442,1628200
2010-12-03,34.83026885986328,35.1862858278834,33.386421848172205,33.989672402596845,1773600
2010-12-06,33.702884674072266,35.64119510705691,33.25786345923263,34.770931817202204,1074700
2010-12-07,33.485321044921875,34.533589146414286,33.386425336535915,34.22702188163166,631000
2010-12-08,34.029232025146484,34.27646562131072,33.04029764048953,33.48531886808222,636700
2010-12-09,34.37535858154297,34.95883003688564,33.356757341998374,34.91927552740212,650300
2010-12-10,34.32591247558594,34.5434792530439,33.85122441134752,34.5434792530439,418900
2010-12-13,33.6336555480957,34.583035390182054,33.42598024021141,34.57314393410081,612300
2010-12-14,32.79306411743164,33.83144446913927,32.64472245040828,33.40620238098995,616900
2010-12-15,32.42715835571289,33.05018428221034,31.655786994715537,32.634833664545376,857500
2010-12-16,33.712772369384766,33.95011827487627,32.239258518070244,32.24914997422854,538000
2010-12-17,32.78317642211914,33.80177763303904,32.78317642211914,33.791886176582075,3264000
2010-12-20,32.66450119018555,33.42598111142702,32.63483436613888,32.92162624020747,615200
2010-12-21,33.04029846191406,33.21830695737666,32.62494782082493,33.09963588456339,298800
2010-12-22,34.10834884643555,34.31602416339842,32.76339746946309,33.00073961099627,692300
2010-12-23,34.35558319091797,34.58303765336467,34.1182372717427,34.17757469465787,356800
2010-12-27,33.77210998535156,34.45447333732092,33.37653473139282,34.35558141007384,297800
2010-12-28,33.58420944213867,33.960005549437554,33.247971614026014,33.81166388873177,135100
2010-12-29,33.89078140258789,34.03911929499063,33.43587249657644,33.61388098544792,125700
2010-12-30,33.96000671386719,34.52369900790097,33.73255225947507,33.97978585413849,158000
2010-12-31,33.6237678527832,34.187460129692816,33.25786320009288,33.86111375634338,219800
2011-01-03,33.94022750854492,34.11823599816023,33.31719779489134,33.752331335055544,392400
2011-01-04,33.90066909790039,34.454473704853115,33.51498529604332,34.098456726989596,473900
2011-01-05,34.13801574707031,34.36547020508197,33.514986022308186,33.732552796269474,530500
2011-01-06,36.76858139038086,37.065260956663096,34.71159602218469,34.73137516293489,1240700
2011-01-07,37.13448715209961,37.82674200871701,36.501569719473,37.08504118501668,801600
2011-01-10,37.4311637878418,37.57950544992769,36.35322519114183,37.02570085362356,523600
2011-01-11,36.758689880371094,37.43116557495958,36.224668170832885,37.30260681899807,667800
2011-01-12,36.6795768737793,37.352052564404175,36.59057262729996,37.08503982496618,260600
2011-01-13,36.70924377441406,36.936698233113006,36.422455666263005,36.808139477643174,263400
2011-01-14,36.64990997314453,37.07515206405484,36.402676374823905,36.758689587517935,577500
2011-01-18,36.046661376953125,36.798249897390534,35.79942776500212,36.49168263296203,527200
2011-01-19,35.324737548828125,36.244446831526126,35.20606270607107,36.11588430478197,618700
2011-01-20,35.72031021118164,36.5312361341705,34.97860939582704,34.97860939582704,535300
2011-01-21,35.47307586669922,36.422455757654134,35.403850760507815,35.977434523219856,350400
2011-01-24,35.690643310546875,35.838984982299344,35.10717185279814,35.41374288059338,260700
2011-01-25,35.651084899902344,35.927989101343094,35.01816747801275,35.41374275293645,276300
2011-01-26,36.24444580078125,36.37300455138406,35.05772381435666,35.76975398822326,374800
2011-01-27,36.64990997314453,36.74880190347865,35.8389840724517,36.27411384740129,367100
2011-01-28,36.32355880737305,36.709242606482405,35.67086227676832,36.709242606482405,547000
2011-01-31,36.630130767822266,36.84769376866977,35.730200622425585,36.49168055660513,571600
2011-02-01,37.52016830444336,38.3310941787985,36.43234201615774,36.68946329016673,571600
2011-02-02,36.50156784057617,37.559727326121674,36.38289677118858,37.48061453735836,466000
2011-02-03,38.51899719238281,39.32003167438971,36.58068659538508,36.58068659538508,1102800
2011-02-04,39.62660217285156,39.89361492073713,38.55855495379475,38.87501366851421,769500
2011-02-07,39.943058013916016,40.180403919122774,39.55737421887957,40.04195371295432,426500
2011-02-08,40.74409866333008,40.78365694533709,39.56726429477652,39.77494338907065,291800
2011-02-09,40.75398635864258,41.35723695571425,39.9826187217236,40.46719447274205,497300
2011-02-10,41.08033752441406,41.48580049373123,40.20018647680987,40.575978847650326,254300
2011-02-11,42.11871719360352,42.158275475889155,40.87266148148943,40.90232830696094,287600
2011-02-14,42.51428985595703,43.344994870422234,42.227497985758106,42.32638991290281,359200
2011-02-15,41.85170364379883,42.286833423134695,41.23856537007889,42.25716659823247,394900
2011-02-16,42.623069763183594,43.41422027578297,41.91103958332348,41.91103958332348,560000
2011-02-17,42.84063720703125,42.969199733228976,42.079157278760555,42.69229554045808,363700
2011-02-18,42.97908782958984,43.572450729090974,42.67252058204199,43.12742949758646,441200
2011-02-22,42.079158782958984,43.503226761014446,41.9604877089495,42.77141363090423,684800
2011-02-23,40.57597732543945,42.76152522194882,39.616713520350366,41.89126189149454,759000
2011-02-24,40.72431945800781,42.10882914618344,40.04195607064884,40.506752679798254,542400
2011-02-25,42.494510650634766,42.949419550776646,40.882546587757425,40.882546587757425,397900
2011-02-28,41.26823043823242,42.890082186926335,41.060555127786664,42.60329408928061,478500
2011-03-01,40.59575653076172,41.39679475611734,40.10128932874882,40.94188583566197,581900
2011-03-02,40.64520263671875,41.27812382636696,39.80460989939037,40.38808135067837,438800
2011-03-03,41.78247833251953,42.20772042563158,40.66498140602844,41.159448605229855,374600
2011-03-04,41.51546478271485,41.75281069359691,40.625426104998965,41.64402730829618,582800
2011-03-07,40.813323974609375,42.68240942520148,40.03206487724995,42.514292384559425,707200
2011-03-08,41.406681060791016,41.74291889785736,40.21007137718162,40.793542807017765,520200
2011-03-09,40.67487335205078,41.812145660407786,40.546310822415506,41.199007382315955,705300
2011-03-10,41.64402770996094,42.098936623346866,39.893613389339095,40.24963037285341,1210000
2011-03-11,45.263526916503906,47.0238289014776,42.543957378040595,42.543957378040595,3042800
2011-03-14,46.43046951293945,46.67770310590241,45.17452240798943,45.17452240798943,1068400
2011-03-15,46.66781234741211,47.32050889169461,43.69112150352146,44.94706862725156,1074900
2011-03-16,45.68877029418945,47.399626363215624,45.12507798478429,46.18323749699998,978100
2011-03-17,45.90633392333984,46.95460576566943,45.30308709658303,46.47991769720473,545200
2011-03-18,46.25246047973633,47.004048933602704,45.184409559916254,46.97438210999166,1842600
2011-03-21,46.727149963378906,47.39962565089409,45.67887815107929,46.39091211962132,578200
2011-03-22,45.95578384399414,46.89526852785555,45.87666727936115,46.72715148673861,431300
2011-03-23,46.74692916870117,47.004050450761525,45.47120289745651,46.034895199172,549900
2011-03-24,47.31062316894531,47.894094632149226,46.49969724008366,46.94471848701639,492900
2011-03-25,47.12272644042969,47.913873218884305,47.01394305105117,47.30073493714266,325300
2011-03-28,47.409515380859375,48.13143706456989,46.98427327268276,47.91387405450394,325900
2011-03-29,47.26117706298828,47.597414918294085,46.81615581736509,47.122726847124504,508000
2011-03-30,48.17099380493164,48.339114614925315,47.22161768462673,47.4688512850698,291200
2011-03-31,47.597412109375,48.29955460409669,47.419403621630735,48.17099208017356,266900
2011-04-01,47.91387176513672,48.32922239654128,47.320508869934834,48.06220965957322,549000
2011-04-04,47.745750427246094,48.24021761484387,47.12272448706228,48.091879722055694,290800
2011-04-05,49.25882339477539,49.39727360597668,47.61719245591592,47.61719245591592,622000
2011-04-06,49.298377990722656,49.59506132666308,48.467672949557205,49.367603096446,344800
2011-04-07,50.5345458984375,50.8905628829877,48.66546050203426,49.011589802562646,996800
2011-04-08,50.12908172607422,51.14768668979964,49.545610298401094,51.14768668979964,386400
2011-04-11,50.554325103759766,51.24657993321847,50.12908301305593,50.63344166597691,576600
2011-04-12,49.95107650756836,51.14769003754841,49.86207225777621,50.30709350673694,503900
2011-04-13,49.248931884765625,50.38620794265839,48.754464689592304,50.23786627511227,441700
2011-04-14,49.041255950927734,49.47638571910875,48.46767220095319,48.90280574161947,555400
2011-04-15,49.51594543457031,49.87196242452893,48.49734420301069,48.92258629962954,551100
2011-04-18,49.565391540527344,49.8521834246365,48.08198992649632,49.28849111310355,430800
2011-04-19,49.22915267944336,49.89174068179558,48.51712248462128,49.38738203079108,336400
2011-04-20,52.43330383300781,52.52230808244039,49.951076305769085,49.951076305769085,743200
2011-04-21,52.29485321044922,53.39257102076228,51.74104857689445,53.20467106648339,423400
2011-04-25,52.13662338256836,53.29367483325463,51.385031117220784,52.70031569533634,347000
2011-04-26,51.98828125,52.58164038264708,51.67182254292351,52.15640206015741,557100
2011-04-27,52.324520111083984,52.49264092449702,51.17735633259575,52.017949082204595,326800
2011-04-28,52.22562789916992,52.63109085907984,51.54326073731965,52.32451983183657,217000
2011-04-29,52.601417541503906,52.77942602908817,51.76082483984451,52.36407540638171,294000
2011-05-02,52.76953887939453,53.372789452037075,52.16628830675199,53.095885261611734,412700
2011-05-03,51.82016372680664,52.769539839141075,51.157575721489565,52.52230624077365,359300
2011-05-04,52.48274993896485,52.94755032862032,51.424590399843815,51.71138229016253,642300
2011-05-05,52.542083740234375,53.62002234634728,51.57292851760303,52.56186288018422,659300
2011-05-06,53.17500305175781,55.083646742364245,52.63108988716463,52.87832348675111,603000
2011-05-09,53.96614837646485,54.213381969456705,52.907988900258495,53.39256840241605,224000
2011-05-10,54.44083786010742,54.826521671763096,53.55079916532171,54.114491470431595,371500
2011-05-11,53.69913864135742,54.63862710167517,52.937658679730845,54.49028542860404,317700
2011-05-12,55.29132080078125,55.33087908121021,52.81898486124983,53.60024392353822,400000
2011-05-13,54.895748138427734,56.24069955675639,54.33205581934667,55.48911105547678,427600
2011-05-16,52.759647369384766,55.380324970744454,52.73987200168224,54.895745467356925,492900
2011-05-17,51.652042388916016,52.60141849152164,50.42576586617173,52.31463038744316,661900
2011-05-18,53.17500305175781,53.3530115452589,51.671822313573784,51.75093887623443,432000
2011-05-19,52.858543395996094,53.50134847987582,52.61130980085344,53.15522295567022,496200
2011-05-20,51.9190559387207,52.69042356261496,50.86089643376847,52.61131077240072,690300
2011-05-23,51.83005142211914,52.294851794346286,49.871961775321545,50.92023359072212,646000
2011-05-24,51.47403335571289,52.176175855085866,51.197132938492054,51.92894226185719,445700
2011-05-25,52.24540710449219,52.5915326417368,50.97956848438599,51.18724380673276,280000
2011-05-26,53.94636917114258,54.55950742472566,52.25529230251807,52.38385482701436,469400
2011-05-27,54.63862609863281,54.678184380390306,53.80792104415237,54.21338400095322,306300
2011-05-31,55.36054611206055,56.537376665578265,54.688070432197485,55.63744653112701,1317300
2011-06-01,53.5211296081543,56.072582215589605,53.40245853437383,55.59789414798231,842600
2011-06-02,50.03018951416016,53.33323043345827,49.95107295442357,53.3233389772486,1406300
2011-06-03,50.494991302490234,51.03890446239618,48.141326398414066,49.436831807177754,1426700
2011-06-06,49.15003967285156,51.52347993258073,49.05114397089287,51.06857102102663,842700
2011-06-07,49.06103515625,49.94118615015005,48.794022421164826,49.43683127664602,1416800
2011-06-08,55.28143310546875,56.2011423765828,52.51241383577877,55.70667518877892,3945000
2011-06-09,56.418704986572266,56.61649261483292,54.57928645697307,55.3209872335866,1179600
2011-06-10,55.53855514526367,56.557156358920366,55.02430881019355,55.963797234408474,943900
2011-06-13,57.1109619140625,57.575762291813824,54.89574718598712,55.53855605851617,1258800
2011-06-14,58.65370178222656,58.69325629192006,57.50653800643583,57.77354697992998,1233000
2011-06-15,56.39892578125,58.742702948826626,56.270367029641754,57.981223033019454,1070900
2011-06-16,56.25059127807617,57.5559844202427,55.40999475142539,56.52749171050984,893200
2011-06-17,56.784610748291016,57.31863622320865,56.09235969467775,56.606606029137104,1093300
2011-06-20,58.09000778198242,58.357016747741206,56.389039422420886,56.527489633550715,816500
2011-06-21,61.39304733276367,61.69961457223606,58.34712767068742,58.64380722638031,1366600
2011-06-22,60.80957794189453,61.99629620441367,60.37444439131785,60.97769497917345,867700
2011-06-23,61.88751602172851,62.134749619567025,59.58329707908066,60.06787659073768,913100
2011-06-24,62.12485885620117,62.35231331605212,61.21504101679739,62.3424256319218,4003400
2011-06-27,62.470985412597656,64.13239553765588,61.83806798828698,62.95556493760856,976300
2011-06-28,63.47970199584961,63.815936072623145,62.55010123893565,62.97534333571856,746000
2011-06-29,62.64899444580078,64.17195436888291,62.23364379722499,63.84560419715726,610800
2011-06-30,63.865386962890625,64.54774658540654,62.6094397907256,62.64899430062774,644300
2011-07-01,64.45874786376953,64.6268649097659,63.41047975935561,64.07306403120323,520700
2011-07-05,66.08059692382812,66.28827224437269,64.35985316433687,64.45874509626704,686800
2011-07-06,66.34760284423828,66.46627768408092,64.86420129857223,65.94214367847418,804000
2011-07-07,65.95203399658203,68.03868607174097,65.78390942346365,67.09919391538284,699900
2011-07-08,67.93978881835938,67.97934709891528,63.29180025511275,65.1509941714173,1059600
2011-07-11,64.24118041992188,67.68267559642261,64.11262165870548,67.66289268240715,896400
2011-07-12,63.57859420776367,64.923545610727,62.09519259081623,63.39069425522634,964600
2011-07-13,64.15217590332031,65.59601919174551,63.78626746677885,64.14228444693526,531900
2011-07-14,62.62921905517578,65.06199683951844,62.302868883564095,64.28073773701057,591600
2011-07-15,63.59836959838867,63.61815251180518,61.491942017777966,63.27202320423879,583300
2011-07-18,63.02478790283203,63.48958449848819,62.223749692893925,63.30169209591975,437000
2011-07-19,65.0224380493164,65.39823041234729,63.272023674986364,63.272023674986364,521200
2011-07-20,64.5873031616211,65.69491240430163,63.92471892531671,65.62568729819476,612600
2011-07-21,64.99276733398438,66.39705231412331,64.54774234508712,65.15099290816956,488800
2011-07-22,65.28944396972656,65.70480214046269,64.77520141567918,65.11143548083122,499000
2011-07-25,64.36973571777344,65.92236995069472,64.28073524440555,64.8246521760003,521300
2011-07-26,64.22140502929688,65.23011483958669,63.92472167893286,64.33018842143228,449700
2011-07-27,61.39304733276367,63.944499811190035,61.07658486454133,63.93460835492531,691100
2011-07-28,62.08530044555664,63.20279737422606,61.31393282049413,61.38315792671843,974700
2011-07-29,62.33253479003906,62.777556029999495,60.10743236272227,61.056812265466334,669100
2011-08-01,62.53032302856445,65.02243822383399,61.66995113802029,63.90494504355304,550300
2011-08-02,60.750240325927734,63.18301803780876,60.66123607927426,62.05563342852171,685500
2011-08-03,61.39304733276367,62.0259647242379,57.941664730993914,60.63156741724461,891600
2011-08-04,56.48793029785156,61.30404340785568,56.41870519357912,60.423888647490635,733300
2011-08-05,55.76601028442383,56.71538640425346,51.8300518200388,54.86608013016099,1388400
2011-08-08,49.93130111694336,52.57175423881666,48.44789946937801,51.97839508878471,1742800
2011-08-09,54.86608123779297,54.89574806323488,48.9621415357845,49.61483810290462,1035500
2011-08-10,52.49264144897461,55.02431117990691,52.08717471036417,53.31345506564861,593800
2011-08-11,56.527488708496094,57.288968629734114,52.54208438554155,52.74975969883776,865600
2011-08-12,58.73281478881836,59.89975770996474,56.71538766014304,59.1778360337446,1071300
2011-08-15,57.07140350341797,60.2656611730637,56.013243993790155,59.3558433329104,852400
2011-08-16,54.94519805908203,56.80439206351627,54.7474104194122,56.1418078089806,858900
2011-08-17,52.7200927734375,55.746229539893854,51.7904920485907,55.35065805425469,980700
2011-08-18,49.52583694458008,51.09823903111555,48.95225317736544,51.03890538104878,1008400
2011-08-19,49.051143646240234,51.83005060687945,48.13143437278077,48.546788773287595,1111700
2011-08-22,48.349002838134766,49.94118784633847,47.90398159787824,49.12037047292249,1073200
2011-08-23,52.10695266723633,52.20584837165626,47.74575207318016,48.398448632410144,986800
2011-08-24,53.65958023071289,53.90681383691731,51.42459009051856,52.09706580119341,718900
2011-08-25,52.88821029663086,55.35065856770294,52.60141842045456,54.12437827413014,945900
2011-08-26,55.85501480102539,56.03302329591328,51.13779723146699,52.61131115637557,761200
2011-08-29,58.31746292114258,58.79215098163231,56.36926094107163,57.14062856780677,609700
2011-08-30,56.95273208618164,58.90093405587922,56.6362733808735,58.17901239861469,717500
2011-08-31,58.426246643066406,59.24706024012125,57.28897056472367,57.48675820084659,796400
2011-09-01,56.96261978149414,58.99982599824174,56.68571935741624,58.60425073028588,490700
2011-09-02,54.717742919921875,56.60660749915866,54.341946786426085,55.508889696371895,529200
2011-09-06,54.75729751586914,54.97486429441857,51.06857259970021,52.67064529610264,1216400
2011-09-07,56.17147445678711,56.61649570151444,54.984752395009366,55.766011494365635,626800
2011-09-08,59.09871673583984,59.53385027630341,55.40999196069193,55.96379657015227,1895300
2011-09-09,67.69255828857422,67.93979189451491,61.343601098810154,61.442496804677695,4659200
2011-09-12,70.1451187133789,70.47146888277648,67.19809082195056,67.30687421174974,2083100
2011-09-13,69.18585205078125,70.61981150610085,67.3068751184489,69.4825353987704,2050700
2011-09-14,69.17595672607422,69.84843240494185,67.14864577806972,69.17595672607422,1391600
2011-09-15,69.4231948852539,69.71987823616216,68.23647657156296,69.71987823616216,851700
2011-09-16,69.68031311035156,69.71987138958606,68.80016214605229,69.07706255572349,1047200
2011-09-19,72.05376434326172,73.18114900816825,68.36503553968436,69.00784443861518,1452400
2011-09-20,69.4034194946289,73.09214828590741,69.05729394865745,72.80535639211077,1016100
2011-09-21,67.30686950683594,71.05493160208616,67.2277604929426,69.61108835519065,690400
2011-09-22,66.13993072509766,66.86185616528164,63.86538610562439,65.55646304389717,777500
2011-09-23,66.21904754638672,67.2475402437464,64.90376296317926,65.82347227125287,589700
2011-09-26,68.35514831542969,68.47381561442491,64.89387792194964,66.51572973129691,408900
2011-09-27,69.24518585205078,71.0747205936531,68.92872713449817,69.4924194609191,771200
2011-09-28,66.59484100341797,70.40224460111533,66.49594906925059,69.40341871259156,455900
2011-09-29,65.38834381103516,68.22658064804662,62.60943684984735,67.91012194878145,932400
2011-09-30,61.541385650634766,64.85431806752726,61.521606510453545,64.55763473729417,1139300
2011-10-03,60.641456604003906,63.34125081343289,59.6129639311248,60.57223149837602,821100
2011-10-04,62.233642578125,62.32264682571708,58.06033817045142,59.60307720455234,1484300
2011-10-05,65.94214630126953,66.95085607265608,61.69961680652497,62.194084008080694,2290800
2011-10-06,65.87291717529297,67.24753530814117,65.08176668309143,65.63557504562061,985800
2011-10-07,64.85431671142578,67.14864410967985,63.044565033780835,66.34760215278845,885800
2011-10-10,68.47381591796875,68.92872483773198,65.87292115552773,66.01137136828304,873900
2011-10-11,67.59366607666016,68.61226732174315,66.55528946297058,67.8507911383708,732100
2011-10-12,67.02008056640625,69.89788327473885,66.55528773896822,68.2364731909007,1001400
2011-10-13,67.20797729492188,68.77049537346788,66.32782632997501,66.98052662036902,628700
2011-10-14,68.13758087158203,69.18584890892356,66.7926294997243,69.18584890892356,435300
2011-10-17,66.7332992553711,68.83972689399472,65.89269894634678,68.12769289080617,344100
2011-10-18,67.98924255371094,68.54304342412136,65.55646474373104,66.65418257255953,763300
2011-10-19,67.93978881835938,72.08342628070186,67.39587943689932,67.97934709891528,1308700
2011-10-20,67.12886047363281,69.2451793636448,65.9619176473203,68.41447813727162,661400
2011-10-21,67.2475357055664,69.60119673907192,66.85196045712784,67.13875232362155,889200
2011-10-24,70.1451187133789,70.94615317919943,67.25743201773156,67.90024089973473,1110300
2011-10-25,67.84089660644531,70.41212447208885,67.82112123873512,70.21434061510493,557400
2011-10-26,66.85196685791016,69.41331098943536,65.64546562989196,67.93979323654308,867200
2011-10-27,67.66288757324219,69.29463078763905,64.91365124042551,69.18584740368124,1034700
2011-10-28,66.7827377319336,68.23647248333916,65.72457824304875,67.41565513397852,473100
2011-10-31,66.54539489746094,68.02879645769421,63.32146672729556,66.0113694303805,733200
2011-11-01,69.5517578125,70.90659310489521,64.2807356762542,64.93343599855285,1940100
2011-11-02,70.24401092529297,71.68785427884947,69.79899345250813,71.2527282628959,1080100
2011-11-03,70.47146606445312,71.32195023524977,69.23529808887318,71.31205877885337,928500
2011-11-04,73.41848754882812,74.170079803428,69.32429974727656,70.12534173973364,1552800
2011-11-07,73.18114471435547,74.85244624451985,72.31088516907688,74.13052082146955,1234100
2011-11-08,72.58778381347656,74.61509473232795,70.73847383694141,74.0711853592085,699800
2011-11-09,70.34290313720703,72.19221323348725,69.7297686207177,70.8967115473866,723500
2011-11-10,71.35161590576172,72.64711750883156,70.619806588643,71.36150736199818,890100
2011-11-11,71.54940032958984,72.67678491045642,70.85714928694212,72.0933172523634,759800
2011-11-14,70.98571014404297,72.58778659092351,70.42201783689494,71.96475308909572,699400
2011-11-15,71.70763397216797,72.17243433774142,69.86821542264822,70.75825787321754,438300
2011-11-16,70.75826263427734,73.55694138247667,70.22423712800317,71.73730562329447,926200
2011-11-17,68.2562484741211,70.91648440525486,67.02997193958964,70.75825882578499,1053800
2011-11-18,66.79263305664062,70.19456994838225,66.14982416093768,70.18467849137946,1213500
2011-11-21,65.52679443359375,66.1399289232403,63.61815076959249,65.45756932847331,849300
2011-11-22,65.7542495727539,66.65418354527498,64.21151424268474,65.56635715753464,765000
2011-11-23,65.24000549316406,66.12015653144167,64.19173741273701,65.18067184181035,588000
2011-11-25,63.885162353515625,65.24989668895742,63.69726994332375,64.81476312751559,263100
2011-11-28,67.69255828857422,68.61226760447244,66.33772295680056,66.45639025887074,864600
2011-11-29,67.61344909667969,69.15618437943051,66.94097338843456,66.94097338843456,833300
2011-11-30,68.8594970703125,70.4516820004399,67.7420039548381,70.31323179303496,2476400
2011-12-01,67.73211669921875,69.70998555049079,67.24754094324896,68.97817618811199,1990400
2011-12-02,73.36904907226562,73.96240823175403,69.3243032587242,69.70010317754468,3010300
2011-12-05,73.0822525024414,74.86232986704505,71.69774285554708,74.45687069290183,1325300
2011-12-06,72.12298583984375,73.27014581641967,71.28239311179773,72.77567861816075,742000
2011-12-07,72.32077026367188,73.36904586271434,70.47146775658085,71.69774430520917,898700
2011-12-08,71.33183288574219,72.44933354469354,70.70880695325253,71.87574980337077,633200
2011-12-09,73.240478515625,73.51737893765471,70.90659275141654,72.05376026550606,769400
2011-12-12,71.95487213134766,72.72623978911422,70.9560462320743,72.51856446163637,714200
2011-12-13,69.83854675292969,72.93390856286607,68.93861286975466,72.1427580621621,775700
2011-12-14,66.46627807617188,69.3638560809315,66.15971083598295,69.20563050517835,1321900
2011-12-15,65.98170471191406,67.6727816391475,65.43778777115006,67.05963959182905,811400
2011-12-16,66.26849365234375,67.44532041151622,65.37845121832689,66.05092688569847,877100
2011-12-19,64.19173431396484,67.24753793070052,63.984051454310645,66.88162949341759,966600
2011-12-20,66.22893524169922,66.72340242129086,64.39940818620424,64.93343364555966,653500
2011-12-21,65.14111328125,66.89152389345243,64.32029589782908,65.97181457654041,412200
2011-12-22,63.45003509521485,65.65535459487836,63.30169342535654,65.15099593534842,918700
2011-12-23,65.52679443359375,65.60590345018097,62.24352880616526,63.26213378755293,642300
2011-12-27,64.78509521484375,65.58612967135562,63.64781913604972,64.60708671951103,757000
2011-12-28,63.380802154541016,64.76531182528548,63.212685117121445,64.56752796302371,407100
2011-12-29,63.954383850097656,64.34006765051653,63.34124936992944,63.40058301769528,353400
2011-12-30,64.20162200927734,64.54774755414982,63.35113778760726,63.46981263655111,756100
2012-01-03,63.39069366455078,66.60473047132177,62.73799711007515,65.17077860628916,1224700
2012-01-04,65.63558197021484,66.7234083530306,62.88634164198675,63.14346293833911,1686200
2012-01-05,68.79027557373047,70.63958564814001,68.25625008360733,69.21551767447829,2247000
2012-01-06,68.75071716308594,70.13522685211494,68.48370819100923,68.96828394142959,616200
2012-01-09,69.15618133544922,69.86821529459972,68.34525544752127,68.79027289950506,631100
2012-01-10,69.68031311035156,69.96710497607395,67.76177806481502,69.91765524078826,830100
2012-01-11,70.98571014404297,72.96357894736529,69.1957412914269,69.1957412914269,1057200
2012-01-12,71.13404846191406,71.20327356497009,69.68031375276733,71.16371528537088,846500
2012-01-13,72.32077026367188,72.85479574734164,69.96710909784206,70.69891844436549,1051200
2012-01-17,73.30970764160156,74.12063358414899,72.80535650737511,73.63605781902177,785000
2012-01-18,74.91178131103516,74.99089787436785,73.11192099255565,73.54705454591468,816400
2012-01-19,76.53363037109375,76.96876390874137,74.96122834272792,75.15901219894748,891000
2012-01-20,75.4161376953125,76.89953926066893,75.06012071602932,76.39518061585599,601800
2012-01-23,76.04905700683594,76.8896497393654,74.93155630402917,75.9897158121483,694100
2012-01-24,76.52374267578125,76.59296778335742,75.46558314856215,75.60403336371448,454400
2012-01-25,77.92803192138672,78.26426598796274,76.21717212948194,76.59296447653229,627800
2012-01-26,75.84138488769531,78.7587384780815,75.12935088116784,78.61039680255978,593400
2012-01-27,76.45451354980469,76.82042198203017,74.17007757488867,75.70292886275787,442200
2012-01-30,76.41495513916016,76.74130529072507,75.22823691797741,76.1380547238822,599500
2012-01-31,75.30735778808594,76.9984347452928,75.07989955110648,76.65230920638571,570600
2012-02-01,75.96994018554688,76.20728232857815,74.79310583702528,75.69303976118196,642600
2012-02-02,75.76226806640625,77.44345359673757,75.3469174123203,77.10721950865971,423900
2012-02-03,77.24566650390625,77.63135031589073,75.69303979938726,76.29629038633134,557400
2012-02-06,77.80935668945312,78.0071405458616,76.87975596539816,77.02809763018978,492300
2012-02-07,78.76862335205078,79.20374934025239,77.60168050442891,77.6610141516904,684900
2012-02-08,79.71800231933594,80.35091972960842,78.21481781121075,79.14441855847315,919000
2012-02-09,80.51903533935547,80.59815190048016,78.92685038533116,79.86634257250313,1191300
2012-02-10,79.94544982910156,80.28169143399573,78.86751500114195,79.72789060825284,867900
2012-02-13,81.1420669555664,81.44863419164085,79.99489948062791,80.80582535102671,618100
2012-02-14,81.88377380371094,82.08155767167842,80.75638915736026,81.09262324189916,549000
2012-02-15,82.6056900024414,83.54518221826805,81.73543043843837,82.0815559727026,955600
2012-02-16,83.23860931396484,83.52540120458387,81.99255736227364,82.91225914067722,702800
2012-02-17,81.64642333984375,83.52540024773624,81.59698114580263,83.17927470956494,341100
2012-02-21,81.1519546508789,82.63535625455798,80.3805870241611,81.85409717122384,396200
2012-02-22,81.65631103515625,81.98266118967202,79.60921718087542,80.14324264872744,815400
2012-02-23,82.47712707519531,83.09026154918459,81.43874297993484,81.43874297993484,502900
2012-02-24,81.03328704833984,82.51668864647169,80.70693688595787,82.35845552108503,408800
2012-02-27,82.8825912475586,83.17927459126683,80.60804661068853,80.78605510791931,460100
2012-02-28,82.95181274414062,83.22872070720071,81.41896898829614,82.83314544779968,561200
2012-02-29,82.31889343261719,82.97159372719476,81.62664240349281,82.97159372719476,370300
2012-03-01,84.3659896850586,84.95935635003129,82.091445134222,82.26945362471969,972700
2012-03-02,84.207763671875,84.67256403604685,83.12982127805533,84.47477263375536,463500
2012-03-05,86.17574310302734,86.95700218524541,84.88024145205557,85.16703333375366,1005500
2012-03-06,84.90001678466797,85.93840092331257,83.85174873439603,85.44393372300003,761300
2012-03-07,86.94711303710938,87.69870531444653,85.04836074749325,85.04836074749325,909600
2012-03-08,88.28217315673828,89.36011560772944,86.59109618855062,87.99538881190368,1556100
2012-03-09,88.29206085205078,90.98196359151702,86.65043369324073,89.43922836239928,1585600
2012-03-12,87.48113250732422,88.8953089427449,87.21412355013364,88.46017541031688,741000
2012-03-13,89.00409698486328,89.00409698486328,87.30312859084613,87.75803751448338,790600
2012-03-14,88.4700698852539,89.28099578564972,88.07449461909165,89.20187922342315,543800
2012-03-15,89.37000274658203,89.89413676143064,87.629476123052,88.93486920445689,767800
2012-03-16,88.58000183105469,90.0,88.37000274658203,89.6500015258789,753000
2012-03-19,89.5999984741211,89.62999725341797,88.01000213623047,88.41000366210938,820100
2012-03-20,90.61000061035156,91.01000213623048,89.05000305175781,89.26000213623047,684500
2012-03-21,92.06999969482422,92.33000183105467,90.38999938964844,90.76000213623048,713100
2012-03-22,93.58999633789062,93.87999725341795,90.80999755859376,91.5500030517578,843900
2012-03-23,93.5500030517578,93.77999877929688,92.0,93.48999786376952,738800
2012-03-26,94.51000213623048,94.7300033569336,93.41000366210938,94.27999877929688,538100
2012-03-27,93.97000122070312,94.7300033569336,93.69000244140624,94.5500030517578,338600
2012-03-28,93.58999633789062,93.93000030517578,92.12999725341795,93.58000183105467,901400
2012-03-29,92.83000183105467,93.16999816894533,91.61000061035156,92.61000061035156,572700
2012-03-30,92.88999938964844,93.58000183105467,92.36000061035156,93.12999725341795,449300
2012-04-02,93.91999816894533,94.41999816894533,92.26000213623048,92.58000183105467,440400
2012-04-03,95.01000213623048,95.62000274658205,93.75,93.93000030517578,808100
2012-04-04,94.93000030517578,95.23999786376952,93.36000061035156,94.18000030517578,551800
2012-04-05,95.04000091552734,95.44000244140624,94.2300033569336,94.33000183105467,339300
2012-04-09,94.37000274658205,94.4800033569336,92.51000213623048,93.58999633789062,374500
2012-04-10,91.86000061035156,94.37000274658205,91.61000061035156,94.0,1223600
2012-04-11,93.6999969482422,94.16999816894533,92.55999755859376,92.55999755859376,338100
2012-04-12,94.7300033569336,94.8000030517578,93.11000061035156,93.4499969482422,322000
2012-04-13,94.93000030517578,95.0,93.41999816894533,94.0999984741211,321500
2012-04-16,93.1500015258789,95.8499984741211,92.25,95.44000244140624,559200
2012-04-17,94.45999908447266,94.8499984741211,93.01000213623048,93.26000213623048,481400
2012-04-18,95.55999755859376,96.33000183105467,93.80999755859376,93.80999755859376,521500
2012-04-19,94.48999786376952,96.6500015258789,93.54000091552734,95.7300033569336,351100
2012-04-20,95.3499984741211,96.04000091552734,94.4000015258789,94.75,376300
2012-04-23,93.52999877929688,94.55999755859376,93.20999908447266,94.36000061035156,396500
2012-04-24,87.1500015258789,93.70999908447266,85.77999877929688,93.70999908447266,2535600
2012-04-25,89.12999725341797,89.80999755859375,87.47000122070312,87.66999816894531,1092600
2012-04-26,89.52999877929688,90.52999877929688,88.12000274658203,89.0,591300
2012-04-27,89.62000274658203,91.54000091552734,88.9000015258789,90.0199966430664,742500
2012-04-30,88.18000030517578,89.91000366210938,87.5,89.19000244140625,436200
2012-05-01,89.08000183105469,90.6500015258789,87.70999908447266,87.94999694824219,418400
2012-05-02,91.33000183105467,91.48999786376952,88.5,88.72000122070312,572200
2012-05-03,90.8499984741211,92.13999938964844,90.11000061035156,91.3499984741211,432000
2012-05-04,87.48999786376953,90.52999877929688,87.48999786376953,90.2300033569336,689000
2012-05-07,86.05999755859375,87.55000305175781,85.80999755859375,86.94999694824219,802300
2012-05-08,85.0,86.08999633789062,78.87000274658203,85.27999877929688,2578500
2012-05-09,84.2699966430664,84.9000015258789,82.87000274658203,83.33999633789062,1216400
2012-05-10,86.05999755859375,86.87000274658203,84.80000305175781,85.66000366210938,4365200
2012-05-11,87.95999908447266,88.55000305175781,85.12999725341797,85.37000274658203,1138000
2012-05-14,87.33999633789062,88.68000030517578,86.33000183105469,87.2300033569336,881100
2012-05-15,87.51000213623047,89.91000366210938,86.69999694824219,87.36000061035156,932300
2012-05-16,90.30999755859376,90.8499984741211,87.62999725341797,87.9000015258789,1273800
2012-05-17,85.87000274658203,90.72000122070312,85.31999969482422,90.52999877929688,1276600
2012-05-18,85.31999969482422,87.12000274658203,84.27999877929688,86.16999816894531,1100000
2012-05-21,87.83999633789062,87.94999694824219,83.5199966430664,85.13999938964844,1155200
2012-05-22,90.5,90.72000122070312,87.55000305175781,87.93000030517578,899100
2012-05-23,91.1999969482422,91.68000030517578,89.01000213623047,90.12000274658205,1365500
2012-05-24,90.93000030517578,92.08999633789062,90.02999877929688,91.93000030517578,887600
2012-05-25,90.9499969482422,91.87999725341795,89.91999816894531,91.33000183105467,591000
2012-05-29,91.23999786376952,91.9499969482422,89.44999694824219,91.72000122070312,1644900
2012-05-30,89.5999984741211,91.1500015258789,88.43000030517578,91.1500015258789,892300
2012-05-31,89.37000274658203,90.12999725341795,86.88999938964844,90.12999725341795,3247700
2012-06-01,86.55000305175781,88.55999755859375,85.62999725341797,88.5,1026400
2012-06-04,86.29000091552734,86.6500015258789,84.19999694824219,86.44000244140625,798000
2012-06-05,87.37999725341797,87.48999786376953,85.01000213623047,86.4800033569336,1234300
2012-06-06,94.73999786376952,97.88999938964844,90.83999633789062,91.5999984741211,3538100
2012-06-07,93.33000183105467,97.0,92.87999725341795,96.06999969482422,1246600
2012-06-08,94.0,94.5,92.2300033569336,92.97000122070312,914100
2012-06-11,92.25,95.08000183105467,91.98999786376952,95.0,1136000
2012-06-12,94.26000213623048,94.54000091552734,91.62000274658205,92.44000244140624,826000
2012-06-13,91.6500015258789,94.52999877929688,91.30999755859376,93.81999969482422,1087700
2012-06-14,92.9800033569336,93.73999786376952,91.63999938964844,92.13999938964844,1027500
2012-06-15,95.83999633789062,96.0,92.66000366210938,93.06999969482422,1279000
2012-06-18,97.01000213623048,97.87999725341795,94.87000274658205,95.75,1408300
2012-06-19,96.76000213623048,97.6999969482422,96.1500015258789,97.23999786376952,1003600
2012-06-20,97.6999969482422,98.41999816894533,95.27999877929688,95.87000274658205,1009700
2012-06-21,95.0500030517578,97.41999816894533,94.51000213623048,97.4000015258789,1060700
2012-06-22,95.61000061035156,96.3499984741211,94.0,95.41000366210938,1838000
2012-06-25,94.37000274658205,94.83000183105467,93.05999755859376,94.48999786376952,643000
2012-06-26,94.16999816894533,96.12999725341795,93.23999786376952,94.4499969482422,754500
2012-06-27,93.26000213623048,94.54000091552734,92.2300033569336,94.54000091552734,622900
2012-06-28,90.29000091552734,92.83999633789062,89.0999984741211,92.4000015258789,1141200
2012-06-29,93.37999725341795,93.98999786376952,88.70999908447266,91.9000015258789,1438200
2012-07-02,92.06999969482422,93.44000244140624,90.16999816894533,93.08000183105467,1281500
2012-07-03,93.58999633789062,94.9800033569336,91.62999725341795,92.3000030517578,494000
2012-07-05,94.41000366210938,95.4499969482422,93.12999725341795,93.55999755859376,747800
2012-07-06,93.66000366210938,95.16999816894533,92.86000061035156,93.5500030517578,467500
2012-07-09,93.36000061035156,94.08999633789062,92.12000274658205,93.54000091552734,464900
2012-07-10,93.19000244140624,95.38999938964844,92.5500030517578,93.76000213623048,522100
2012-07-11,91.0500030517578,93.4499969482422,89.68000030517578,93.0999984741211,606600
2012-07-12,91.4499969482422,91.9499969482422,88.27999877929688,90.87000274658205,751600
2012-07-13,92.69000244140624,92.97000122070312,91.37000274658205,91.66999816894533,281100
2012-07-16,91.0,93.91000366210938,90.83000183105467,92.16999816894533,473300
2012-07-17,91.3499984741211,92.2300033569336,89.66999816894531,91.62000274658205,434700
2012-07-18,91.95999908447266,93.0,90.18000030517578,90.8000030517578,552000
2012-07-19,92.51000213623048,93.54000091552734,91.91000366210938,92.41999816894533,399100
2012-07-20,87.52999877929688,91.72000122070312,87.04000091552734,91.44000244140624,1126900
2012-07-23,86.47000122070312,87.05000305175781,83.01000213623047,83.76000213623047,1357600
2012-07-24,85.13999938964844,87.12999725341797,84.37000274658203,86.69000244140625,367900
2012-07-25,83.77999877929688,85.55000305175781,83.41000366210938,85.11000061035156,575000
2012-07-26,86.37000274658203,87.26000213623047,85.0,85.0,889400
2012-07-27,87.37999725341797,88.06999969482422,85.5,86.36000061035156,496800
2012-07-30,87.51000213623047,88.16000366210938,86.56999969482422,87.80999755859375,351800
2012-07-31,84.87999725341797,88.11000061035156,84.62999725341797,87.44999694824219,898300
2012-08-01,83.73999786376953,85.91999816894531,83.37000274658203,85.02999877929688,1017100
2012-08-02,85.25,86.30999755859375,82.63999938964844,83.30000305175781,763300
2012-08-03,87.77999877929688,87.98999786376953,86.04000091552734,86.68000030517578,679300
2012-08-06,87.88999938964844,88.9800033569336,87.0,87.33000183105469,644800
2012-08-07,88.26000213623047,88.93000030517578,87.72000122070312,87.93000030517578,388500
2012-08-08,86.52999877929688,87.86000061035156,85.7300033569336,87.68000030517578,702600
2012-08-09,87.08999633789062,88.61000061035156,86.69999694824219,88.5199966430664,625900
2012-08-10,85.3499984741211,87.06999969482422,84.86000061035156,86.94000244140625,578200
2012-08-13,84.11000061035156,85.3499984741211,83.80000305175781,84.5,818000
2012-08-14,86.13999938964844,88.05000305175781,84.8499984741211,84.86000061035156,1464900
2012-08-15,85.9000015258789,86.76000213623047,85.5,85.7699966430664,506500
2012-08-16,90.2699966430664,90.47000122070312,85.70999908447266,85.93000030517578,1452900
2012-08-17,91.8499984741211,92.02999877929688,90.25,90.95999908447266,881700
2012-08-20,90.9000015258789,92.66999816894533,90.08999633789062,91.98999786376952,824600
2012-08-21,91.98999786376952,92.11000061035156,90.2699966430664,91.0,652100
2012-08-22,91.9000015258789,92.0500030517578,90.9499969482422,91.91999816894533,679800
2012-08-23,92.20999908447266,92.38999938964844,91.16999816894533,91.37999725341795,468600
2012-08-24,92.95999908447266,93.27999877929688,91.9499969482422,92.4499969482422,598800
2012-08-27,93.69000244140624,93.95999908447266,92.66999816894533,93.58000183105467,965200
2012-08-28,94.8499984741211,95.1999969482422,93.23999786376952,93.68000030517578,977100
2012-08-29,94.33000183105467,95.12999725341795,93.33000183105467,94.30999755859376,910300
2012-08-30,93.62999725341795,94.91999816894533,93.06999969482422,94.08999633789062,332600
2012-08-31,94.0,94.5,93.0,94.25,576600
2012-09-04,94.18000030517578,94.5500030517578,92.80999755859376,94.02999877929688,1235500
2012-09-05,92.91999816894533,94.81999969482422,92.54000091552734,94.43000030517578,1192100
2012-09-06,95.26000213623048,95.8000030517578,92.83999633789062,93.8000030517578,1804400
2012-09-07,101.54000091552734,103.5199966430664,99.26000213623048,102.75,3115400
2012-09-10,100.19000244140624,102.19000244140624,100.0500030517578,101.5,846900
2012-09-11,99.33999633789062,100.83999633789062,98.91999816894533,99.0199966430664,544400
2012-09-12,98.9000015258789,99.77999877929688,98.4499969482422,99.27999877929688,656500
2012-09-13,100.16000366210938,100.4000015258789,97.3000030517578,97.43000030517578,950200
2012-09-14,100.87000274658205,102.4000015258789,99.77999877929688,100.0,994800
2012-09-17,99.66000366210938,101.3499984741211,99.4000015258789,101.3499984741211,648700
2012-09-18,97.7699966430664,98.97000122070312,96.31999969482422,98.97000122070312,610000
2012-09-19,98.5500030517578,98.81999969482422,97.31999969482422,97.7300033569336,468400
2012-09-20,98.5,99.01000213623048,97.4000015258789,98.8499984741211,384600
2012-09-21,97.91999816894533,99.08000183105467,97.23999786376952,98.37999725341795,518200
2012-09-24,98.44000244140624,98.86000061035156,97.1500015258789,97.45999908447266,526000
2012-09-25,97.08999633789062,99.37999725341795,97.0,98.6999969482422,698900
2012-09-26,96.4800033569336,97.37999725341795,95.43000030517578,96.5,512100
2012-09-27,96.66000366210938,97.33000183105467,95.5999984741211,97.1999969482422,429900
2012-09-28,96.30999755859376,96.9499969482422,94.5500030517578,96.37999725341795,409000
2012-10-01,96.80999755859376,97.97000122070312,95.6999969482422,96.77999877929688,460500
2012-10-02,96.3000030517578,97.16000366210938,95.37999725341795,97.16000366210938,370900
2012-10-03,97.54000091552734,97.80999755859376,96.16000366210938,96.43000030517578,369400
2012-10-04,98.95999908447266,98.9800033569336,97.18000030517578,97.73999786376952,417800
2012-10-05,99.7699966430664,100.37000274658205,98.79000091552734,99.02999877929688,581600
2012-10-08,98.16999816894533,100.3499984741211,98.0,100.3499984741211,331600
2012-10-09,95.75,98.04000091552734,95.13999938964844,97.8499984741211,324400
2012-10-10,96.33999633789062,97.02999877929688,95.7300033569336,95.7300033569336,301500
2012-10-11,95.6500015258789,97.54000091552734,95.41999816894533,97.0199966430664,419400
2012-10-12,95.22000122070312,96.91000366210938,94.9800033569336,95.26000213623048,586300
2012-10-15,95.3000030517578,95.98999786376952,94.29000091552734,95.58999633789062,250300
2012-10-16,98.0,98.18000030517578,91.8499984741211,95.0,2007100
2012-10-17,96.33999633789062,99.81999969482422,95.9000015258789,98.08999633789062,1005800
2012-10-18,95.5500030517578,96.70999908447266,93.45999908447266,94.5500030517578,1994500
2012-10-19,94.77999877929688,96.05999755859376,94.18000030517578,95.37000274658205,761600
2012-10-22,95.01000213623048,95.04000091552734,93.54000091552734,94.41999816894533,597500
2012-10-23,94.04000091552734,94.69000244140624,92.73999786376952,93.9499969482422,471800
2012-10-24,93.13999938964844,94.77999877929688,92.91999816894533,94.19000244140624,626400
2012-10-25,92.2699966430664,93.83999633789062,91.87999725341795,93.56999969482422,489500
2012-10-26,92.41000366210938,93.31999969482422,91.1999969482422,92.2699966430664,436500
2012-10-31,92.19000244140624,92.8499984741211,91.0,92.0,434300
2012-11-01,93.70999908447266,93.77999877929688,90.5,92.25,556900
2012-11-02,92.4499969482422,94.12999725341795,92.44000244140624,93.8000030517578,415700
2012-11-05,92.68000030517578,92.87999725341795,90.9000015258789,92.4499969482422,338900
2012-11-06,94.05999755859376,94.11000061035156,91.23999786376952,92.77999877929688,557900
2012-11-07,93.0500030517578,94.41999816894533,92.7300033569336,93.11000061035156,459100
2012-11-08,90.98999786376952,93.56999969482422,90.43000030517578,92.86000061035156,758800
2012-11-09,88.33999633789062,90.98999786376952,86.9800033569336,89.4800033569336,1630900
2012-11-12,87.22000122070312,88.56999969482422,86.61000061035156,88.56999969482422,682600
2012-11-13,89.45999908447266,89.6500015258789,86.26000213623047,86.73999786376953,982600
2012-11-14,87.30999755859375,89.7699966430664,86.87999725341797,89.33999633789062,519300
2012-11-15,86.93000030517578,89.13999938964844,86.76000213623047,86.98999786376953,804000
2012-11-16,87.5999984741211,88.5999984741211,87.30999755859375,87.55999755859375,1144800
2012-11-19,89.0199966430664,90.23999786376952,88.2699966430664,88.4000015258789,785500
2012-11-20,88.94000244140625,89.3499984741211,88.20999908447266,89.02999877929688,375500
2012-11-21,90.5199966430664,91.04000091552734,88.8499984741211,88.8499984741211,417400
2012-11-23,92.1999969482422,92.25,90.68000030517578,90.79000091552734,254700
2012-11-26,92.93000030517578,93.0999984741211,90.93000030517578,92.16999816894533,524000
2012-11-27,93.23999786376952,93.91999816894533,92.5,92.9000015258789,564900
2012-11-28,94.19000244140624,94.5500030517578,91.4800033569336,92.72000122070312,1086800
2012-11-29,93.1500015258789,94.37999725341795,91.98999786376952,94.29000091552734,1660400
2012-11-30,100.27999877929688,100.4000015258789,97.5199966430664,98.0,4001200
2012-12-03,100.9000015258789,101.02999877929688,99.81999969482422,100.0,1088900
2012-12-04,100.37999725341795,100.9499969482422,99.7300033569336,100.9499969482422,1159300
2012-12-05,100.19000244140624,100.6999969482422,99.6999969482422,100.4000015258789,676800
2012-12-06,101.52999877929688,101.61000061035156,99.9499969482422,100.3000030517578,738600
2012-12-07,100.44000244140624,101.58999633789062,100.0199966430664,101.4499969482422,730000
2012-12-10,99.52999877929688,100.58999633789062,99.43000030517578,100.56999969482422,539300
2012-12-11,97.02999877929688,100.0199966430664,96.6999969482422,99.5999984741211,982100
2012-12-12,95.4000015258789,97.8499984741211,95.08999633789062,97.76000213623048,837400
2012-12-13,94.25,96.2300033569336,94.1500015258789,95.56999969482422,1002700
2012-12-14,95.0,95.33000183105467,94.0999984741211,94.3000030517578,739200
2012-12-17,97.23999786376952,97.2699966430664,95.19000244140624,95.87999725341795,809300
2012-12-18,97.91999816894533,98.66999816894533,97.0,97.5999984741211,674000
2012-12-19,96.33999633789062,98.33000183105467,96.12000274658205,98.33000183105467,469000
2012-12-20,96.41000366210938,97.12999725341795,95.52999877929688,96.4800033569336,430800
2012-12-21,97.2300033569336,97.80999755859376,94.7699966430664,95.11000061035156,619100
2012-12-24,97.0999984741211,97.48999786376952,96.87000274658205,97.12999725341795,138800
2012-12-26,95.72000122070312,97.4000015258789,95.47000122070312,96.8000030517578,401200
2012-12-27,96.44000244140624,96.56999969482422,94.4800033569336,95.56999969482422,386900
2012-12-28,96.5500030517578,97.4000015258789,95.4800033569336,95.88999938964844,323100
2012-12-31,98.26000213623048,98.2699966430664,96.27999877929688,96.66999816894533,435200
2013-01-02,101.52999877929688,102.4800033569336,99.63999938964844,100.26000213623048,1190300
2013-01-03,101.98999786376952,102.55999755859376,100.5999984741211,101.69000244140624,787900
2013-01-04,97.8499984741211,99.41000366210938,96.5,97.76000213623048,1906900
2013-01-07,96.31999969482422,98.1500015258789,95.66000366210938,97.4800033569336,875800
2013-01-08,95.08999633789062,96.81999969482422,94.22000122070312,96.81999969482422,1263800
2013-01-09,94.22000122070312,95.98999786376952,93.31999969482422,95.8000030517578,922900
2013-01-10,94.31999969482422,94.5999984741211,92.11000061035156,94.5999984741211,1095700
2013-01-11,93.38999938964844,94.4800033569336,92.45999908447266,93.87999725341795,795500
2013-01-14,94.98999786376952,95.4000015258789,93.25,93.47000122070312,723200
2013-01-15,94.5999984741211,94.7699966430664,93.26000213623048,94.3499984741211,404100
2013-01-16,94.98999786376952,95.51000213623048,93.8499984741211,95.51000213623048,294500
2013-01-17,95.66000366210938,95.9800033569336,94.18000030517578,94.69000244140624,453100
2013-01-18,94.29000091552734,95.66000366210938,93.58999633789062,95.66000366210938,506600
2013-01-22,96.16999816894533,96.4000015258789,93.83999633789062,94.77999877929688,727600
2013-01-23,97.13999938964844,97.13999938964844,95.23999786376952,95.7300033569336,385100
2013-01-24,98.01000213623048,99.94000244140624,96.38999938964844,96.38999938964844,727500
2013-01-25,100.4000015258789,100.5999984741211,98.0199966430664,98.29000091552734,674600
2013-01-28,98.54000091552734,100.41000366210938,98.48999786376952,100.25,413700
2013-01-29,98.20999908447266,98.54000091552734,96.73999786376952,98.05999755859376,694300
2013-01-30,97.83999633789062,98.66000366210938,97.1500015258789,98.1500015258789,468400
2013-01-31,97.81999969482422,98.70999908447266,96.47000122070312,97.25,542300
2013-02-01,97.54000091552734,98.83000183105467,97.29000091552734,98.7300033569336,427300
2013-02-04,97.37000274658205,98.80999755859376,96.68000030517578,97.45999908447266,627000
2013-02-05,99.5199966430664,100.18000030517578,97.4499969482422,98.3499984741211,572400
2013-02-06,99.66000366210938,100.58999633789062,98.5999984741211,99.33000183105467,429500
2013-02-07,98.95999908447266,99.93000030517578,98.16000366210938,99.30999755859376,296800
2013-02-08,99.31999969482422,100.19000244140624,98.31999969482422,99.13999938964844,212400
2013-02-11,99.19000244140624,100.19000244140624,98.68000030517578,99.27999877929688,231000
2013-02-12,98.70999908447266,100.05999755859376,98.41000366210938,99.52999877929688,341900
2013-02-13,99.48999786376952,99.68000030517578,98.26000213623048,98.72000122070312,320100
2013-02-14,87.80000305175781,89.51000213623047,86.9000015258789,88.30000305175781,6945300
2013-02-15,87.95999908447266,88.7699966430664,86.94999694824219,88.31999969482422,1769700
2013-02-19,85.68000030517578,88.4800033569336,83.44999694824219,87.68000030517578,3131400
2013-02-20,87.16999816894531,87.30999755859375,85.31999969482422,85.61000061035156,1912800
2013-02-21,87.66999816894531,87.9000015258789,85.44999694824219,86.75,1504200
2013-02-22,88.05000305175781,89.27999877929688,87.61000061035156,88.01000213623047,1428900
2013-02-25,88.06999969482422,90.20999908447266,87.73999786376953,88.16999816894531,1577900
2013-02-26,86.19999694824219,88.83000183105469,85.55999755859375,88.0199966430664,1697000
2013-02-27,88.02999877929688,88.48999786376953,86.44999694824219,86.63999938964844,1256800
2013-02-28,88.55999755859375,89.04000091552734,87.70999908447266,88.0,1117100
2013-03-01,88.77999877929688,89.38999938964844,87.81999969482422,88.38999938964844,937000
2013-03-04,89.79000091552734,90.38999938964844,88.83000183105469,89.19999694824219,753100
2013-03-05,91.68000030517578,92.12000274658205,90.04000091552734,90.2699966430664,1325600
2013-03-06,91.11000061035156,91.69000244140624,90.79000091552734,91.37999725341795,1396800
2013-03-07,89.91000366210938,91.19000244140624,89.30999755859375,90.72000122070312,948800
2013-03-08,89.79000091552734,90.41999816894533,89.0,90.08000183105467,1657300
2013-03-11,89.81999969482422,90.52999877929688,89.5199966430664,89.87999725341797,1240500
2013-03-12,87.19000244140625,89.87999725341797,87.1500015258789,89.7300033569336,1011000
2013-03-13,87.48999786376953,88.69999694824219,86.62999725341797,87.93000030517578,1455600
2013-03-14,88.37000274658203,89.02999877929688,87.18000030517578,87.8499984741211,2943100
2013-03-15,74.13999938964844,76.93000030517578,72.51000213623047,75.95999908447266,13814500
2013-03-18,73.95999908447266,74.73999786376953,72.94000244140625,73.61000061035156,2411000
2013-03-19,74.91000366210938,75.1500015258789,74.16999816894531,74.20999908447266,2306200
2013-03-20,77.37999725341797,78.19999694824219,74.93000030517578,75.44000244140625,2470100
2013-03-21,76.38999938964844,79.19999694824219,76.0999984741211,77.27999877929688,2481300
2013-03-22,77.5199966430664,77.94999694824219,77.05000305175781,77.43000030517578,1562500
2013-03-25,77.22000122070312,78.26000213623047,76.11000061035156,77.86000061035156,947700
2013-03-26,79.30000305175781,79.66999816894531,76.80000305175781,77.16999816894531,1418800
2013-03-27,80.4800033569336,80.6500015258789,78.62999725341797,78.98999786376953,1337900
2013-03-28,81.16999816894531,81.58999633789062,80.16999816894531,80.45999908447266,1995400
2013-04-01,81.69000244140625,81.8499984741211,80.8499984741211,81.0999984741211,1087900
2013-04-02,82.4800033569336,83.4000015258789,81.8499984741211,82.08999633789062,1654400
2013-04-03,82.0,82.66000366210938,81.41000366210938,82.44999694824219,1711600
2013-04-04,84.73999786376953,84.86000061035156,82.43000030517578,84.30000305175781,2138100
2013-04-05,84.05000305175781,84.4000015258789,82.69000244140625,83.54000091552734,1515900
2013-04-08,84.04000091552734,84.5999984741211,83.75,84.05000305175781,1650300
2013-04-09,84.52999877929688,84.94999694824219,84.08999633789062,84.38999938964844,1441100
2013-04-10,85.6500015258789,86.62999725341797,84.25,84.52999877929688,1608600
2013-04-11,88.13999938964844,88.6500015258789,85.5199966430664,85.69999694824219,2312900
2013-04-12,87.69000244140625,88.5999984741211,86.62999725341797,87.75,1697900
2013-04-15,85.76000213623047,87.66000366210938,85.37000274658203,87.5,1531700
2013-04-16,86.63999938964844,86.98999786376953,85.68000030517578,86.68000030517578,1476900
2013-04-17,84.47000122070312,86.19999694824219,83.8499984741211,86.02999877929688,1378100
2013-04-18,82.97000122070312,85.04000091552734,82.23999786376953,85.04000091552734,1298000
2013-04-19,83.69999694824219,84.23999786376953,82.4800033569336,83.19000244140625,1396000
2013-04-22,84.83999633789062,85.63999938964844,83.30999755859375,84.0,806300
2013-04-23,86.45999908447266,86.79000091552734,85.19999694824219,85.41999816894531,1071500
2013-04-24,86.22000122070312,86.75,84.62000274658203,86.43000030517578,946200
2013-04-25,85.63999938964844,87.0,85.4800033569336,86.72000122070312,969900
2013-04-26,85.98999786376953,86.62000274658203,85.22000122070312,85.69000244140625,704000
2013-04-29,86.72000122070312,87.83000183105469,85.8499984741211,85.87000274658203,997600
2013-04-30,87.6500015258789,87.87000274658203,86.47000122070312,86.9800033569336,826000
2013-05-01,86.55999755859375,87.55999755859375,86.22000122070312,87.08999633789062,1073600
2013-05-02,89.36000061035156,89.75,86.36000061035156,86.36000061035156,1372600
2013-05-03,90.18000030517578,90.62999725341795,89.80999755859375,89.9800033569336,964900
2013-05-06,91.12000274658205,91.47000122070312,89.95999908447266,89.97000122070312,650600
2013-05-07,90.41000366210938,91.05999755859376,89.94999694824219,91.0,655300
2013-05-08,91.4800033569336,91.55999755859376,90.12000274658205,90.4000015258789,442100
2013-05-09,89.38999938964844,91.58000183105467,89.38999938964844,90.9800033569336,827600
2013-05-10,92.18000030517578,92.5199966430664,89.4000015258789,89.7300033569336,880300
2013-05-13,92.98999786376952,93.4000015258789,92.04000091552734,92.22000122070312,900300
2013-05-14,93.51000213623048,94.5199966430664,92.4000015258789,92.66000366210938,570200
2013-05-15,93.61000061035156,93.95999908447266,92.37000274658205,93.4499969482422,587000
2013-05-16,93.08999633789062,94.29000091552734,92.61000061035156,93.04000091552734,1006500
2013-05-17,93.97000122070312,94.16999816894533,92.75,93.43000030517578,491100
2013-05-20,94.87000274658205,95.25,93.70999908447266,93.97000122070312,726500
2013-05-21,94.87999725341795,96.25,94.83999633789062,94.87000274658205,1076100
2013-05-22,94.05999755859376,96.3000030517578,93.41999816894533,94.80999755859376,1073800
2013-05-23,93.22000122070312,93.73999786376952,92.52999877929688,93.04000091552734,873900
2013-05-24,92.12000274658205,93.52999877929688,91.58000183105467,92.79000091552734,667300
2013-05-28,92.08999633789062,93.48999786376952,91.77999877929688,92.91999816894533,513800
2013-05-29,91.66999816894533,92.58000183105467,91.0,91.75,713900
2013-05-30,91.44000244140624,92.08999633789062,91.0999984741211,91.73999786376952,517700
2013-05-31,90.76000213623048,91.62000274658205,90.41999816894533,91.05999755859376,683400
2013-06-03,89.73999786376953,91.23999786376952,88.19999694824219,91.23999786376952,653800
2013-06-04,87.11000061035156,89.54000091552734,85.76000213623047,87.9000015258789,1344700
2013-06-05,86.08999633789062,88.0,85.9800033569336,86.72000122070312,726900
2013-06-06,86.88999938964844,86.91000366210938,85.83000183105469,86.2699966430664,554400
2013-06-07,85.6500015258789,87.76000213623047,85.51000213623047,87.16000366210938,938900
2013-06-10,86.58999633789062,87.30000305175781,86.16999816894531,86.79000091552734,1609700
2013-06-11,84.12999725341797,86.73999786376953,83.6500015258789,86.0,2308500
2013-06-12,96.63999938964844,98.87999725341795,95.0999984741211,95.36000061035156,7492200
2013-06-13,97.01000213623048,97.4499969482422,95.25,96.36000061035156,1521300
2013-06-14,96.13999938964844,97.0,95.19000244140624,96.08000183105467,838700
2013-06-17,96.0199966430664,96.68000030517578,95.5,96.12000274658205,714400
2013-06-18,96.5999984741211,96.8499984741211,95.7699966430664,96.0,542600
2013-06-19,95.04000091552734,96.63999938964844,94.9499969482422,96.31999969482422,473700
2013-06-20,93.4000015258789,94.7300033569336,92.97000122070312,94.4499969482422,645500
2013-06-21,94.1500015258789,94.36000061035156,91.94000244140624,93.93000030517578,1042100
2013-06-24,97.18000030517578,98.33000183105467,92.5500030517578,93.27999877929688,2092000
2013-06-25,97.88999938964844,98.8000030517578,96.8499984741211,98.01000213623048,897100
2013-06-26,98.70999908447266,100.0,98.12000274658205,98.8000030517578,779400
2013-06-27,99.25,99.4499969482422,98.33999633789062,98.91000366210938,919100
2013-06-28,100.12000274658205,100.41000366210938,97.9800033569336,98.61000061035156,1186000
2013-07-01,99.01000213623048,100.69000244140624,98.58000183105467,100.0,605900
2013-07-02,97.4800033569336,99.73999786376952,96.5999984741211,99.19000244140624,1141400
2013-07-03,98.66000366210938,99.20999908447266,96.8000030517578,97.37000274658205,298100
2013-07-05,100.2300033569336,100.63999938964844,99.11000061035156,99.48999786376952,482000
2013-07-08,100.16000366210938,101.41000366210938,99.6999969482422,100.1500015258789,721200
2013-07-09,99.5,101.4800033569336,99.12999725341795,100.25,527000
2013-07-10,99.29000091552734,99.88999938964844,98.58999633789062,99.5999984741211,549000
2013-07-11,100.7300033569336,100.94000244140624,99.83000183105467,100.11000061035156,405000
2013-07-12,100.56999969482422,100.9000015258789,99.38999938964844,100.30999755859376,345300
2013-07-15,99.45999908447266,100.95999908447266,99.2300033569336,100.8499984741211,363700
2013-07-16,98.94000244140624,99.20999908447266,97.7300033569336,99.04000091552734,654600
2013-07-17,97.12999725341795,99.04000091552734,97.08999633789062,98.9800033569336,466000
2013-07-18,97.8000030517578,98.37000274658205,96.7699966430664,97.36000061035156,412000
2013-07-19,97.38999938964844,98.51000213623048,96.9499969482422,97.7699966430664,387600
2013-07-22,98.66999816894533,98.66999816894533,97.23999786376952,97.3000030517578,380800
2013-07-23,95.9000015258789,98.81999969482422,95.70999908447266,98.66000366210938,668400
2013-07-24,94.05999755859376,96.43000030517578,93.36000061035156,96.23999786376952,723400
2013-07-25,95.30999755859376,95.4000015258789,93.33999633789062,94.19000244140624,599200
2013-07-26,99.68000030517578,100.47000122070312,94.88999938964844,94.88999938964844,1119600
2013-07-29,98.88999938964844,100.16999816894533,97.97000122070312,99.72000122070312,591700
2013-07-30,100.47000122070312,100.63999938964844,98.95999908447266,98.9800033569336,443900
2013-07-31,100.9000015258789,101.43000030517578,99.91999816894533,100.52999877929688,392400
2013-08-01,101.6500015258789,101.83999633789062,100.08999633789062,100.9000015258789,850000
2013-08-02,103.47000122070312,105.01000213623048,100.23999786376952,101.3499984741211,1084700
2013-08-05,102.37999725341795,103.95999908447266,101.7699966430664,103.5,478200
2013-08-06,103.51000213623048,104.41999816894533,102.41000366210938,102.41000366210938,618800
2013-08-07,102.16999816894533,103.18000030517578,101.52999877929688,103.18000030517578,378400
2013-08-08,106.02999877929688,106.0999984741211,102.12000274658205,102.47000122070312,718700
2013-08-09,105.8000030517578,106.88999938964844,105.01000213623048,105.8000030517578,781700
2013-08-12,105.27999877929688,105.9499969482422,104.80999755859376,105.27999877929688,396300
2013-08-13,105.4499969482422,106.5,104.54000091552734,105.4499969482422,272500
2013-08-14,103.5,105.62000274658205,103.4499969482422,104.80999755859376,301000
2013-08-15,99.20999908447266,102.77999877929688,98.0500030517578,102.3000030517578,1525900
2013-08-16,98.61000061035156,100.38999938964844,98.4800033569336,99.47000122070312,1027300
2013-08-19,99.30999755859376,99.62999725341795,98.0999984741211,98.12000274658205,827000
2013-08-20,101.47000122070312,103.04000091552734,99.4000015258789,99.8499984741211,731100
2013-08-21,101.5199966430664,102.55999755859376,100.1500015258789,101.30999755859376,524200
2013-08-22,102.04000091552734,102.52999877929688,100.9499969482422,102.0500030517578,225200
2013-08-23,103.75,103.94000244140624,101.12999725341795,102.80999755859376,469300
2013-08-26,104.18000030517578,105.0,103.31999969482422,104.31999969482422,394500
2013-08-27,100.30999755859376,103.1500015258789,99.91000366210938,102.98999786376952,476900
2013-08-28,100.0999984741211,101.06999969482422,99.55999755859376,100.36000061035156,385100
2013-08-29,100.98999786376952,101.51000213623048,99.54000091552734,99.91000366210938,240700
2013-08-30,99.23999786376952,102.5500030517578,99.08000183105467,102.5500030517578,567300
2013-09-03,98.54000091552734,100.98999786376952,98.27999877929688,100.62000274658205,627000
2013-09-04,97.86000061035156,98.97000122070312,97.41000366210938,98.54000091552734,949000
2013-09-05,98.0,98.31999969482422,97.3000030517578,98.08999633789062,856500
2013-09-06,97.23999786376952,99.0199966430664,96.44000244140624,98.0999984741211,947500
2013-09-09,101.3499984741211,101.87999725341795,98.4499969482422,99.1999969482422,912900
2013-09-10,103.66999816894533,104.26000213623048,101.08999633789062,102.04000091552734,783200
2013-09-11,102.16000366210938,104.1999969482422,101.68000030517578,103.43000030517578,781000
2013-09-12,100.16000366210938,103.0999984741211,99.95999908447266,101.52999877929688,1780200
2013-09-13,117.52999877929688,118.2699966430664,112.47000122070312,114.0999984741211,4487000
2013-09-16,118.3499984741211,120.11000061035156,117.37999725341795,118.5,1471800
2013-09-17,117.12999725341795,117.91999816894533,116.62999725341795,116.9800033569336,1055800
2013-09-18,119.98999786376952,120.36000061035156,116.45999908447266,117.08000183105467,1261100
2013-09-19,118.75,121.5,118.3000030517578,120.72000122070312,922900
2013-09-20,117.62999725341795,119.81999969482422,116.66000366210938,119.2699966430664,1283300
2013-09-23,117.11000061035156,117.87000274658205,116.0,116.13999938964844,586400
2013-09-24,117.1500015258789,118.33999633789062,116.2300033569336,117.08000183105467,434100
2013-09-25,116.77999877929688,117.9000015258789,115.70999908447266,117.6500015258789,352300
2013-09-26,117.31999969482422,118.87999725341795,116.83000183105467,117.75,356600
2013-09-27,119.11000061035156,119.16999816894533,116.08000183105467,117.11000061035156,488100
2013-09-30,119.45999908447266,119.75,117.29000091552734,118.06999969482422,620600
2013-10-01,121.73999786376952,121.98999786376952,119.08999633789062,119.6500015258789,854600
2013-10-02,121.41999816894533,121.86000061035156,120.5999984741211,121.30999755859376,398800
2013-10-03,124.04000091552734,126.02999877929688,121.80999755859376,121.86000061035156,1144800
2013-10-04,123.91999816894533,125.0,122.83999633789062,124.16000366210938,1119700
2013-10-07,123.48999786376952,125.1500015258789,122.31999969482422,122.79000091552734,695400
2013-10-08,119.98999786376952,123.56999969482422,119.93000030517578,123.16999816894533,944100
2013-10-09,118.62999725341795,120.0199966430664,116.41000366210938,118.7699966430664,823300
2013-10-10,119.80999755859376,120.93000030517578,118.8000030517578,120.2699966430664,541700
2013-10-11,118.63999938964844,120.0,118.2300033569336,120.0,597200
2013-10-14,118.22000122070312,118.73999786376952,116.3499984741211,117.55999755859376,663600
2013-10-15,117.8499984741211,119.05999755859376,116.58000183105467,118.5500030517578,1168300
2013-10-16,121.58000183105467,122.43000030517578,117.91999816894533,118.5,685600
2013-10-17,123.69000244140624,124.11000061035156,120.06999969482422,121.08000183105467,652400
2013-10-18,126.20999908447266,126.9499969482422,124.0,124.69000244140624,682900
2013-10-21,125.98999786376952,127.45999908447266,123.06999969482422,127.30999755859376,981200
2013-10-22,126.11000061035156,127.9000015258789,124.77999877929688,127.0500030517578,292000
2013-10-23,125.7699966430664,126.19000244140624,124.41999816894533,125.33000183105467,255800
2013-10-24,128.27999877929688,128.27999877929688,125.04000091552734,125.61000061035156,378200
2013-10-25,127.5199966430664,128.89999389648438,126.6999969482422,128.85000610351562,465700
2013-10-28,127.29000091552734,129.13999938964844,126.4800033569336,127.5500030517578,561100
2013-10-29,128.2899932861328,128.38999938964844,126.80999755859376,127.58999633789062,230200
2013-10-30,128.55999755859375,129.4199981689453,127.66999816894533,128.19000244140625,414600
2013-10-31,128.85000610351562,129.97000122070312,127.5,128.3000030517578,439900
2013-11-01,128.6300048828125,130.3300018310547,127.68000030517578,128.8000030517578,271800
2013-11-04,130.6999969482422,131.3300018310547,128.42999267578125,129.30999755859375,354400
2013-11-05,131.5,131.99000549316406,128.85000610351562,130.39999389648438,232100
2013-11-06,131.41000366210938,131.94000244140625,129.6300048828125,131.83999633789062,282300
2013-11-07,126.83999633789062,131.9600067138672,126.3000030517578,131.4600067138672,593600
2013-11-08,127.88999938964844,129.1999969482422,126.61000061035156,127.05999755859376,507600
2013-11-11,128.27000427246094,129.91000366210938,127.06999969482422,128.4600067138672,377400
2013-11-12,129.52999877929688,129.6699981689453,127.22000122070312,128.6199951171875,587500
2013-11-13,130.41000366210938,130.52999877929688,128.02000427246094,128.5399932861328,433400
2013-11-14,130.44000244140625,130.6699981689453,129.0500030517578,130.30999755859375,305700
2013-11-15,131.24000549316406,132.35000610351562,130.16000366210938,130.16000366210938,391500
2013-11-18,129.97999572753906,132.72000122070312,129.5800018310547,132.02000427246094,357500
2013-11-19,127.48999786376952,131.41000366210938,127.37000274658205,129.9600067138672,371400
2013-11-20,125.8000030517578,128.33999633789062,125.73999786376952,128.10000610351562,444700
2013-11-21,127.11000061035156,129.16000366210938,125.8000030517578,125.8000030517578,462900
2013-11-22,128.0,128.5399932861328,127.01000213623048,127.37000274658205,326600
2013-11-25,129.14999389648438,130.0,127.9499969482422,128.16000366210938,311800
2013-11-26,128.88999938964844,130.72999572753906,128.83999633789062,128.88999938964844,454600
2013-11-27,128.47000122070312,129.49000549316406,127.86000061035156,129.0,433300
2013-11-29,126.94000244140624,128.75,126.43000030517578,128.66000366210938,340000
2013-12-02,126.93000030517578,128.1199951171875,126.33999633789062,126.73999786376952,396500
2013-12-03,125.01000213623048,126.88999938964844,124.44000244140624,126.38999938964844,598100
2013-12-04,123.4800033569336,124.98999786376952,122.5500030517578,123.7300033569336,1079800
2013-12-05,118.0,125.9000015258789,117.8000030517578,124.8499984741211,2509100
2013-12-06,93.76000213623048,97.75,91.6999969482422,92.2699966430664,13926700
2013-12-09,90.20999908447266,93.8000030517578,89.6500015258789,93.12999725341795,6152800
2013-12-10,94.38999938964844,96.30999755859376,89.41999816894531,89.41999816894531,4165200
2013-12-11,93.20999908447266,95.36000061035156,92.73999786376952,94.22000122070312,3018400
2013-12-12,91.23999786376952,93.37000274658205,91.0999984741211,93.37000274658205,914500
2013-12-13,91.95999908447266,93.31999969482422,91.26000213623048,91.4800033569336,876800
2013-12-16,91.18000030517578,93.0,90.5999984741211,92.13999938964844,1095100
2013-12-17,91.62999725341795,91.94000244140624,88.61000061035156,91.94000244140624,1820700
2013-12-18,93.63999938964844,94.38999938964844,91.48999786376952,91.5,1849000
2013-12-19,93.44000244140624,94.62999725341795,92.7300033569336,93.0199966430664,743200
2013-12-20,95.19000244140624,95.19000244140624,93.23999786376952,93.70999908447266,1917100
2013-12-23,93.36000061035156,95.91999816894533,93.01000213623048,95.16999816894533,1092600
2013-12-24,94.41999816894533,94.98999786376952,93.05999755859376,93.41999816894533,515900
2013-12-26,94.80999755859376,95.5500030517578,94.3499984741211,95.0500030517578,544100
2013-12-27,93.52999877929688,95.4000015258789,93.4800033569336,94.69000244140624,412000
2013-12-30,94.37000274658205,94.37999725341795,93.06999969482422,93.75,622800
2013-12-31,96.5199966430664,97.1500015258789,93.58999633789062,94.26000213623048,1382500
2014-01-02,95.91000366210938,98.26000213623048,95.6999969482422,96.20999908447266,1619100
2014-01-03,94.91999816894533,97.02999877929688,94.66000366210938,95.9000015258789,708200
2014-01-06,92.91000366210938,95.6500015258789,92.51000213623048,95.02999877929688,1182000
2014-01-07,94.45999908447266,94.83000183105467,92.16999816894533,93.31999969482422,829900
2014-01-08,94.16999816894533,94.31999969482422,92.95999908447266,94.23999786376952,653800
2014-01-09,92.29000091552734,94.41999816894533,91.61000061035156,94.19000244140624,1126000
2014-01-10,92.33000183105467,93.58000183105467,91.66000366210938,92.5999984741211,790900
2014-01-13,88.88999938964844,92.36000061035156,88.1500015258789,91.9800033569336,1198700
2014-01-14,88.76000213623047,90.3000030517578,88.31999969482422,89.12999725341797,999600
2014-01-15,85.88999938964844,88.8499984741211,82.41999816894531,88.5,3204800
2014-01-16,82.75,85.75,82.33000183105469,85.5,2979100
2014-01-17,83.55999755859375,85.23999786376953,81.19000244140625,81.66999816894531,1772800
2014-01-21,80.93000030517578,83.81999969482422,80.47000122070312,83.81999969482422,1618500
2014-01-22,83.05999755859375,83.0999984741211,80.3499984741211,81.23999786376953,1297200
2014-01-23,84.62000274658203,84.79000091552734,82.48999786376953,82.80000305175781,1604600
2014-01-24,83.97000122070312,86.9800033569336,83.31999969482422,84.41999816894531,1624200
2014-01-27,83.11000061035156,84.5999984741211,82.5,83.66000366210938,874500
2014-01-28,84.25,84.41000366210938,82.69999694824219,82.69999694824219,995800
2014-01-29,82.55000305175781,84.62999725341797,81.9000015258789,83.45999908447266,1143400
2014-01-30,85.97000122070312,86.16999816894531,82.79000091552734,83.04000091552734,919800
2014-01-31,85.70999908447266,86.02999877929688,83.5,83.87000274658203,1188100
2014-02-03,83.93000030517578,86.02999877929688,83.08999633789062,85.75,1443400
2014-02-04,83.5,85.11000061035156,83.33000183105469,84.06999969482422,1108600
2014-02-05,85.81999969482422,85.87999725341797,82.5199966430664,83.58000183105469,1321900
2014-02-06,88.33999633789062,88.81999969482422,85.95999908447266,85.95999908447266,1213800
2014-02-07,88.30999755859375,89.62000274658203,86.01000213623047,87.30999755859375,976700
2014-02-10,87.72000122070312,88.76000213623047,87.08999633789062,88.26000213623047,558100
2014-02-11,86.44999694824219,87.87999725341797,86.29000091552734,87.87999725341797,1306000
2014-02-12,86.41999816894531,87.22000122070312,85.19999694824219,86.29000091552734,749200
2014-02-13,86.04000091552734,87.05000305175781,85.5999984741211,86.06999969482422,748800
2014-02-14,85.70999908447266,86.47000122070312,85.01000213623047,85.81999969482422,714800
2014-02-18,87.75,88.43000030517578,85.76000213623047,85.87000274658203,645200
2014-02-19,87.55999755859375,88.9000015258789,87.19000244140625,87.76000213623047,535200
2014-02-20,86.1500015258789,88.31999969482422,85.72000122070312,87.5999984741211,791700
2014-02-21,85.9800033569336,87.18000030517578,83.9800033569336,86.1500015258789,1323500
2014-02-24,87.44000244140625,88.20999908447266,85.98999786376953,86.0,897100
2014-02-25,88.79000091552734,89.5,87.45999908447266,87.45999908447266,776200
2014-02-26,90.22000122070312,92.66999816894533,88.3499984741211,89.0,1149500
2014-02-27,91.62000274658205,92.04000091552734,89.41999816894531,90.16999816894533,718800
2014-02-28,89.69000244140625,92.47000122070312,89.05999755859375,91.83000183105467,801900
2014-03-03,88.41999816894531,89.86000061035156,88.18000030517578,88.94000244140625,568500
2014-03-04,89.05999755859375,89.94000244140625,88.38999938964844,89.36000061035156,631100
2014-03-05,88.5,89.81999969482422,87.9800033569336,89.62000274658203,949100
2014-03-06,87.30000305175781,88.94000244140625,86.9000015258789,88.73999786376953,716600
2014-03-07,87.30000305175781,88.16999816894531,86.5199966430664,87.94999694824219,954600
2014-03-10,89.63999938964844,89.8499984741211,86.9800033569336,87.13999938964844,1388500
2014-03-11,91.5,92.91000366210938,89.19999694824219,89.55000305175781,2251400
2014-03-12,91.38999938964844,91.75,89.08999633789062,90.69000244140624,1505400
2014-03-13,89.51000213623047,91.5999984741211,89.05000305175781,91.37999725341795,2317600
2014-03-14,95.26000213623048,97.86000061035156,95.0,95.88999938964844,7449500
2014-03-17,96.41000366210938,96.8000030517578,94.41999816894533,95.5,1387300
2014-03-18,98.63999938964844,99.47000122070312,96.0199966430664,96.37000274658205,1452600
2014-03-19,101.2699966430664,101.3499984741211,97.8499984741211,98.8499984741211,1556100
2014-03-20,104.3000030517578,106.83000183105467,102.77999877929688,103.02999877929688,3055800
2014-03-21,100.83999633789062,105.0,100.83999633789062,104.0999984741211,1975600
2014-03-24,101.26000213623048,101.87999725341795,99.93000030517578,100.4499969482422,1110800
2014-03-25,100.33999633789062,102.22000122070312,99.8000030517578,101.41000366210938,1030300
2014-03-26,101.43000030517578,105.0,101.41999816894533,102.6500015258789,1326500
2014-03-27,98.75,101.2699966430664,98.12999725341795,101.01000213623048,1505600
2014-03-28,97.88999938964844,100.16999816894533,96.56999969482422,98.87000274658205,1568100
2014-03-31,97.44000244140624,98.9000015258789,96.8000030517578,98.47000122070312,1066500
2014-04-01,98.9800033569336,99.33000183105467,97.1500015258789,97.58999633789062,1351400
2014-04-02,100.11000061035156,100.25,98.8000030517578,98.9000015258789,916700
2014-04-03,99.7699966430664,100.77999877929688,99.31999969482422,100.26000213623048,694300
2014-04-04,96.08999633789062,100.63999938964844,95.2300033569336,100.08999633789062,1314900
2014-04-07,93.75,95.93000030517578,91.76000213623048,95.70999908447266,1483700
2014-04-08,95.87000274658205,96.04000091552734,93.30999755859376,93.43000030517578,1329200
2014-04-09,97.08000183105467,98.43000030517578,95.29000091552734,96.3000030517578,833400
2014-04-10,94.8499984741211,97.2699966430664,93.95999908447266,96.83999633789062,1342200
2014-04-11,91.0500030517578,94.0,88.45999908447266,93.77999877929688,2960100
2014-04-14,90.12999725341795,93.37000274658205,89.62000274658203,91.8499984741211,1022500
2014-04-15,90.41999816894533,92.23999786376952,87.66999816894531,91.08000183105467,1329600
2014-04-16,90.22000122070312,92.5999984741211,89.73999786376953,91.16999816894533,969400
2014-04-17,87.79000091552734,90.7699966430664,86.56999969482422,90.26000213623048,1795000
2014-04-21,89.58999633789062,90.7699966430664,88.19999694824219,88.19999694824219,1003500
2014-04-22,89.41000366210938,91.23999786376952,88.86000061035156,90.18000030517578,873300
2014-04-23,88.22000122070312,89.73999786376953,88.08999633789062,89.41000366210938,672200
2014-04-24,89.62999725341797,90.08999633789062,86.83000183105469,88.8499984741211,606800
2014-04-25,88.11000061035156,90.01000213623047,87.5,89.19999694824219,498700
2014-04-28,86.58000183105469,89.80999755859375,84.58999633789062,88.41999816894531,1377000
2014-04-29,86.0,87.16000366210938,84.86000061035156,86.56999969482422,763500
2014-04-30,87.70999908447266,87.9000015258789,85.36000061035156,85.94999694824219,884600
2014-05-01,85.97000122070312,88.12999725341797,85.93000030517578,87.5999984741211,1093400
2014-05-02,88.12000274658203,88.38999938964844,86.16999816894531,86.3499984741211,2345600
2014-05-05,88.54000091552734,89.20999908447266,86.61000061035156,88.47000122070312,983500
2014-05-06,87.55000305175781,89.16000366210938,87.33999633789062,88.2300033569336,1117000
2014-05-07,84.79000091552734,88.75,84.43000030517578,87.1500015258789,1402700
2014-05-08,85.86000061035156,87.3499984741211,84.63999938964844,84.63999938964844,1021200
2014-05-09,87.87000274658203,87.97000122070312,84.76000213623047,85.58000183105469,747400
2014-05-12,89.87999725341797,90.31999969482422,87.7300033569336,88.05000305175781,747800
2014-05-13,88.51000213623047,89.62999725341797,87.56999969482422,89.23999786376953,659200
2014-05-14,87.1500015258789,88.8499984741211,86.83000183105469,88.41000366210938,569700
2014-05-15,86.76000213623047,87.18000030517578,84.76000213623047,87.11000061035156,1189600
2014-05-16,87.87000274658203,88.02999877929688,85.27999877929688,86.48999786376953,877900
2014-05-19,86.66999816894531,88.22000122070312,85.66000366210938,87.6500015258789,721600
2014-05-20,85.33000183105469,86.44000244140625,85.05000305175781,86.44000244140625,669300
2014-05-21,84.81999969482422,86.66999816894531,84.12999725341797,85.83999633789062,816800
2014-05-22,84.9800033569336,86.22000122070312,84.68000030517578,84.68000030517578,675800
2014-05-23,85.43000030517578,85.86000061035156,84.5999984741211,85.19999694824219,666200
2014-05-27,87.22000122070312,87.87000274658203,85.79000091552734,85.80000305175781,909700
2014-05-28,85.4000015258789,87.16999816894531,83.76000213623047,87.0,1058500
2014-05-29,85.02999877929688,85.76000213623047,83.54000091552734,85.69999694824219,1084100
2014-05-30,84.9000015258789,85.38999938964844,84.36000061035156,84.9000015258789,677100
2014-06-02,86.80000305175781,87.2699966430664,84.73999786376953,85.05000305175781,730800
2014-06-03,86.7699966430664,87.19000244140625,86.22000122070312,86.80000305175781,557900
2014-06-04,87.02999877929688,87.26000213623047,86.04000091552734,86.56999969482422,383700
2014-06-05,85.93000030517578,88.0,85.54000091552734,87.08999633789062,705700
2014-06-06,86.25,87.18000030517578,85.80999755859375,86.01000213623047,739400
2014-06-09,85.41000366210938,87.08000183105469,85.13999938964844,86.2699966430664,1233700
2014-06-10,85.30999755859375,85.63999938964844,84.19999694824219,85.12000274658203,3222800
2014-06-11,97.11000061035156,98.61000061035156,95.5,96.16999816894533,6442000
2014-06-12,95.0,96.9499969482422,94.86000061035156,96.54000091552734,1770700
2014-06-13,95.11000061035156,95.5500030517578,94.08999633789062,94.62999725341795,770100
2014-06-16,94.5,95.44000244140624,93.75,94.91999816894533,826400
2014-06-17,94.63999938964844,95.33999633789062,94.26000213623048,94.5,606200
2014-06-18,94.88999938964844,95.0500030517578,94.12999725341795,94.33999633789062,635800
2014-06-19,95.02999877929688,95.5999984741211,94.2699966430664,94.97000122070312,777000
2014-06-20,95.0,95.8499984741211,94.63999938964844,94.77999877929688,974500
2014-06-23,94.66999816894533,95.4499969482422,94.11000061035156,95.0,620100
2014-06-24,93.87999725341795,95.0199966430664,93.83000183105467,94.3499984741211,815000
2014-06-25,92.61000061035156,94.33000183105467,92.3000030517578,93.9499969482422,974400
2014-06-26,91.33000183105467,93.29000091552734,91.04000091552734,92.83000183105467,911100
2014-06-27,92.08999633789062,92.69000244140624,90.81999969482422,91.06999969482422,995300
2014-06-30,91.41000366210938,92.72000122070312,91.0,92.16000366210938,756000
2014-07-01,93.41000366210938,93.63999938964844,91.62999725341795,91.62999725341795,705000
2014-07-02,94.5,95.16999816894533,93.02999877929688,93.2699966430664,707400
2014-07-03,96.43000030517578,96.9499969482422,94.79000091552734,94.83999633789062,695300
2014-07-07,96.0,96.8499984741211,95.52999877929688,96.08999633789062,640900
2014-07-08,94.91000366210938,96.01000213623048,94.5199966430664,95.97000122070312,762600
2014-07-09,94.41999816894533,95.51000213623048,94.05999755859376,94.4499969482422,558100
2014-07-10,92.69000244140624,94.0199966430664,92.11000061035156,93.45999908447266,627700
2014-07-11,91.63999938964844,93.41999816894533,91.20999908447266,92.73999786376952,607600
2014-07-14,91.5,92.5,90.7699966430664,92.5,792400
2014-07-15,90.75,92.33999633789062,90.0999984741211,91.68000030517578,632300
2014-07-16,89.26000213623047,91.0199966430664,89.23999786376953,91.0199966430664,640100
2014-07-17,89.75,89.9800033569336,88.13999938964844,88.87999725341797,1103300
2014-07-18,90.44000244140624,90.77999877929688,89.54000091552734,89.97000122070312,588200
2014-07-21,93.0199966430664,93.12999725341795,90.08000183105467,90.23999786376952,986700
2014-07-22,92.08999633789062,93.8000030517578,91.5199966430664,93.75,603000
2014-07-23,92.1999969482422,92.37000274658205,91.37000274658205,92.05999755859376,707100
2014-07-24,93.13999938964844,93.30999755859376,91.2699966430664,92.04000091552734,577600
2014-07-25,92.63999938964844,93.11000061035156,91.16000366210938,92.6999969482422,578400
2014-07-28,92.29000091552734,92.7699966430664,91.72000122070312,92.7699966430664,594100
2014-07-29,92.25,92.66999816894533,91.81999969482422,92.4000015258789,469100
2014-07-30,94.12999725341795,94.27999877929688,92.18000030517578,92.4499969482422,763100
2014-07-31,92.33000183105467,94.33999633789062,92.3000030517578,93.8499984741211,746200
2014-08-01,93.05999755859376,93.38999938964844,91.62000274658205,92.33000183105467,962200
2014-08-04,94.5999984741211,95.18000030517578,93.0999984741211,93.1999969482422,833200
2014-08-05,95.31999969482422,95.88999938964844,93.88999938964844,93.9499969482422,681000
2014-08-06,94.61000061035156,95.87999725341795,94.33000183105467,95.0,826900
2014-08-07,93.91999816894533,95.7699966430664,93.6999969482422,94.86000061035156,508900
2014-08-08,95.0,95.0,93.91000366210938,94.0,410700
2014-08-11,95.29000091552734,95.58999633789062,94.3499984741211,95.06999969482422,379000
2014-08-12,92.97000122070312,95.44000244140624,92.1500015258789,95.44000244140624,661200
2014-08-13,92.4499969482422,93.54000091552734,91.76000213623048,92.98999786376952,454200
2014-08-14,93.7300033569336,94.38999938964844,92.5,92.5,402900
2014-08-15,93.23999786376952,94.5,91.9000015258789,94.37000274658205,611000
2014-08-18,94.52999877929688,94.83000183105467,93.12999725341795,93.33999633789062,441800
2014-08-19,95.63999938964844,96.12000274658205,94.19000244140624,94.8499984741211,426500
2014-08-20,97.48999786376952,99.37000274658205,94.80999755859376,96.01000213623048,938700
2014-08-21,96.0,97.9800033569336,95.26000213623048,97.06999969482422,508900
2014-08-22,97.20999908447266,97.8499984741211,95.33999633789062,95.88999938964844,489400
2014-08-25,97.4000015258789,98.04000091552734,96.77999877929688,97.66999816894533,577200
2014-08-26,97.72000122070312,98.94000244140624,97.38999938964844,97.5500030517578,507900
2014-08-27,98.13999938964844,98.58999633789062,97.62999725341795,97.75,421300
2014-08-28,97.91000366210938,98.3000030517578,97.01000213623048,97.81999969482422,354600
2014-08-29,97.30999755859376,98.81999969482422,97.1500015258789,98.1500015258789,523300
2014-09-02,98.36000061035156,98.4499969482422,96.7699966430664,97.45999908447266,543300
2014-09-03,99.16000366210938,99.25,98.08000183105467,98.58000183105467,641900
2014-09-04,99.58999633789062,101.7699966430664,99.11000061035156,99.41999816894533,825600
2014-09-05,99.4499969482422,99.91999816894533,98.02999877929688,99.91000366210938,779900
2014-09-08,98.11000061035156,100.0999984741211,97.6999969482422,99.7699966430664,871200
2014-09-09,96.98999786376952,99.2300033569336,96.58000183105467,98.11000061035156,1183300
2014-09-10,96.77999877929688,97.6500015258789,95.83000183105467,97.43000030517578,1095200
2014-09-11,97.4800033569336,97.69000244140624,95.86000061035156,96.4499969482422,3685800
2014-09-12,114.88999938964844,118.1999969482422,114.12000274658205,114.5,9527700
2014-09-15,114.41000366210938,115.29000091552734,113.13999938964844,114.61000061035156,1609700
2014-09-16,116.1500015258789,116.97000122070312,113.1999969482422,114.04000091552734,1620400
2014-09-17,118.5,120.56999969482422,116.08000183105467,116.1500015258789,2027200
2014-09-18,118.4000015258789,119.31999969482422,117.48999786376952,118.72000122070312,695000
2014-09-19,120.37999725341795,120.81999969482422,119.16000366210938,119.23999786376952,1460500
2014-09-22,118.91999816894533,121.0,117.87000274658205,120.5999984741211,1006300
2014-09-23,116.0500030517578,118.8000030517578,116.0500030517578,118.02999877929688,1101400
2014-09-24,120.41000366210938,120.4499969482422,116.91000366210938,117.0500030517578,959600
2014-09-25,118.86000061035156,121.43000030517578,118.81999969482422,120.1999969482422,806300
2014-09-26,118.6500015258789,119.91999816894533,118.38999938964844,119.33000183105467,734300
2014-09-29,118.31999969482422,118.62999725341795,116.9000015258789,118.48999786376952,771600
2014-09-30,118.16999816894533,120.05999755859376,117.5199966430664,118.0199966430664,742900
2014-10-01,115.83000183105467,118.18000030517578,115.16999816894533,117.80999755859376,874700
2014-10-02,115.30999755859376,116.44000244140624,114.29000091552734,116.0,846900
2014-10-03,116.1999969482422,117.22000122070312,115.30999755859376,116.31999969482422,1422500
2014-10-06,116.0,117.25,115.94000244140624,116.6999969482422,633800
2014-10-07,113.41999816894533,115.62999725341795,113.41000366210938,114.9000015258789,860900
2014-10-08,114.87000274658205,115.48999786376952,113.58999633789062,113.62999725341795,692800
2014-10-09,114.7699966430664,115.75,113.56999969482422,114.91999816894533,750300
2014-10-10,114.22000122070312,115.23999786376952,112.44000244140624,114.5199966430664,697600
2014-10-13,113.16999816894533,115.5,111.77999877929688,113.9499969482422,923700
2014-10-14,111.95999908447266,114.94000244140624,111.41000366210938,114.0,1270600
2014-10-15,110.27999877929688,111.13999938964844,106.87000274658205,110.13999938964844,1673500
2014-10-16,113.8499984741211,114.30999755859376,108.75,109.37000274658205,1729600
2014-10-17,116.56999969482422,116.79000091552734,114.75,115.38999938964844,1141300
2014-10-20,119.87000274658205,120.08000183105467,116.08000183105467,116.8499984741211,1034200
2014-10-21,118.97000122070312,120.97000122070312,117.52999877929688,120.30999755859376,753800
2014-10-22,117.61000061035156,119.9499969482422,117.55999755859376,119.51000213623048,603500
2014-10-23,117.83999633789062,119.91999816894533,117.54000091552734,118.5999984741211,568300
2014-10-24,117.3499984741211,118.41999816894533,116.27999877929688,118.33999633789062,483100
2014-10-27,117.72000122070312,117.95999908447266,116.0,117.5,474900
2014-10-28,120.97000122070312,121.12999725341795,117.12000274658205,117.9499969482422,831000
2014-10-29,121.55999755859376,123.73999786376952,119.77999877929688,120.97000122070312,1042900
2014-10-30,120.55999755859376,122.12000274658205,119.9000015258789,121.20999908447266,481300
2014-10-31,120.80999755859376,122.70999908447266,120.12000274658205,121.81999969482422,469500
2014-11-03,119.91000366210938,122.08999633789062,119.25,121.44000244140624,954200
2014-11-04,120.11000061035156,120.4000015258789,116.91000366210938,119.97000122070312,959000
2014-11-05,118.66000366210938,121.58000183105467,118.12000274658205,120.80999755859376,633100
2014-11-06,122.08000183105467,123.19000244140624,118.25,119.20999908447266,1074300
2014-11-07,121.75,122.91999816894533,120.79000091552734,122.12000274658205,456800
2014-11-10,124.08000183105467,124.12000274658205,121.0,121.43000030517578,627600
2014-11-11,122.18000030517578,124.30999755859376,121.01000213623048,124.1999969482422,693100
2014-11-12,125.04000091552734,125.2300033569336,121.66000366210938,121.6999969482422,666100
2014-11-13,123.91999816894533,125.95999908447266,123.3000030517578,125.63999938964844,636200
2014-11-14,123.75,125.0500030517578,123.20999908447266,123.7699966430664,333600
2014-11-17,124.1999969482422,125.19000244140624,122.38999938964844,123.36000061035156,788200
2014-11-18,124.87999725341795,125.16999816894533,123.52999877929688,124.1999969482422,602600
2014-11-19,127.26000213623048,129.47000122070312,124.27999877929688,124.27999877929688,1099500
2014-11-20,127.04000091552734,128.32000732421875,126.81999969482422,127.19000244140624,477900
2014-11-21,127.37999725341795,128.6199951171875,127.02999877929688,128.13999938964844,741000
2014-11-24,126.7699966430664,126.9499969482422,122.3000030517578,125.47000122070312,1103500
2014-11-25,125.6999969482422,127.83999633789062,124.5500030517578,126.8000030517578,617400
2014-11-26,125.8000030517578,126.06999969482422,125.01000213623048,125.3499984741211,350100
2014-11-28,126.48999786376952,128.32000732421875,126.01000213623048,126.01000213623048,218800
2014-12-01,124.45999908447266,127.29000091552734,123.58999633789062,126.91999816894533,685400
2014-12-02,122.0,125.6500015258789,121.5,125.20999908447266,876900
2014-12-03,124.68000030517578,125.33999633789062,121.87000274658205,122.33000183105467,992000
2014-12-04,125.73999786376952,126.0500030517578,123.5999984741211,125.16000366210938,1471800
2014-12-05,129.75,134.5,127.83000183105467,132.8000030517578,3439400
2014-12-08,126.98999786376952,129.5,125.19000244140624,128.57000732421875,1167100
2014-12-09,127.52999877929688,127.6500015258789,123.80999755859376,124.9800033569336,724500
2014-12-10,125.2300033569336,128.5,125.19000244140624,127.61000061035156,732800
2014-12-11,129.44000244140625,130.97999572753906,127.52999877929688,127.54000091552734,1127400
2014-12-12,128.6699981689453,130.30999755859375,128.63999938964844,128.8000030517578,486800
2014-12-15,128.33999633789062,129.4600067138672,127.0,129.41000366210938,562400
2014-12-16,127.27999877929688,128.8800048828125,126.5500030517578,128.27999877929688,578500
2014-12-17,130.86000061035156,131.25999450683594,126.70999908447266,128.00999450683594,588300
2014-12-18,129.6999969482422,132.7899932861328,128.75,132.25,1157800
2014-12-19,129.22000122070312,129.97999572753906,128.0399932861328,129.6999969482422,1129600
2014-12-22,128.52999877929688,130.83999633789062,128.4199981689453,129.22999572753906,614500
2014-12-23,128.55999755859375,129.60000610351562,127.54000091552734,128.64999389648438,1031400
2014-12-24,128.17999267578125,128.9499969482422,127.88999938964844,128.69000244140625,408600
2014-12-26,127.83000183105467,129.42999267578125,127.66999816894533,128.39999389648438,291300
2014-12-29,128.75999450683594,128.9199981689453,127.83000183105467,127.87000274658205,697900
2014-12-30,128.77000427246094,129.6699981689453,128.1300048828125,128.3000030517578,410900
2014-12-31,127.83999633789062,130.1999969482422,127.8000030517578,128.7100067138672,432900
2015-01-02,126.83999633789062,129.08999633789062,125.23999786376952,128.1300048828125,410800
2015-01-05,127.1500015258789,127.9800033569336,125.6500015258789,126.30999755859376,477400
2015-01-06,126.9499969482422,128.7899932861328,124.6999969482422,127.0500030517578,758200
2015-01-07,130.5800018310547,130.63999938964844,127.97000122070312,128.77999877929688,597200
2015-01-08,132.24000549316406,132.8800048828125,131.13999938964844,131.52999877929688,618400
2015-01-09,131.57000732421875,132.8699951171875,129.83999633789062,132.0,574200
2015-01-12,129.83999633789062,132.42999267578125,129.13999938964844,132.3800048828125,428300
2015-01-13,128.80999755859375,132.94000244140625,127.51000213623048,130.58999633789062,542600
2015-01-14,128.75,129.05999755859375,127.12999725341795,127.1500015258789,410900
2015-01-15,127.13999938964844,131.80999755859375,126.86000061035156,131.80999755859375,678200
2015-01-16,129.72000122070312,129.9499969482422,126.61000061035156,126.75,529100
2015-01-20,127.16000366210938,130.69000244140625,126.9499969482422,130.38999938964844,481000
2015-01-21,128.35000610351562,128.6699981689453,126.61000061035156,127.08999633789062,315500
2015-01-22,132.55999755859375,132.6300048828125,127.5,128.89999389648438,638700
2015-01-23,135.33999633789062,137.3300018310547,132.5,133.13999938964844,1233400
2015-01-26,136.0800018310547,137.49000549316406,134.77000427246094,136.67999267578125,844100
2015-01-27,135.83999633789062,136.8300018310547,134.14999389648438,135.80999755859375,437600
2015-01-28,133.86000061035156,137.1999969482422,133.5500030517578,136.64999389648438,486700
2015-01-29,134.39999389648438,134.5800018310547,132.3300018310547,134.3800048828125,563700
2015-01-30,131.94000244140625,135.08999633789062,131.5,134.27999877929688,606900
2015-02-02,130.9600067138672,132.35000610351562,128.11000061035156,132.0800018310547,904100
2015-02-03,133.85000610351562,134.02999877929688,130.5399932861328,131.13999938964844,569300
2015-02-04,132.0,133.8300018310547,131.1699981689453,133.36000061035156,735400
2015-02-05,133.02999877929688,133.60000610351562,131.72000122070312,132.30999755859375,588000
2015-02-06,133.25999450683594,133.57000732421875,132.0,132.97999572753906,386500
2015-02-09,134.97000122070312,135.05999755859375,132.75999450683594,133.1300048828125,513100
2015-02-10,137.0,138.11000061035156,135.2899932861328,135.8800048828125,741100
2015-02-11,135.89999389648438,137.97999572753906,135.24000549316406,136.69000244140625,548300
2015-02-12,136.07000732421875,136.63999938964844,134.72000122070312,136.5,408600
2015-02-13,136.66000366210938,136.6699981689453,134.69000244140625,135.94000244140625,521500
2015-02-17,135.91000366210938,136.94000244140625,134.55999755859375,136.74000549316406,336800
2015-02-18,136.6199951171875,136.74000549316406,134.58999633789062,135.3800048828125,275500
2015-02-19,136.9199981689453,139.72999572753906,136.60000610351562,136.85000610351562,562700
2015-02-20,138.0,138.1300048828125,135.7100067138672,137.1199951171875,286500
2015-02-23,137.25,138.9199981689453,136.6699981689453,137.99000549316406,316300
2015-02-24,138.38999938964844,138.41000366210938,136.11000061035156,137.6699981689453,523600
2015-02-25,138.75999450683594,140.30999755859375,137.13999938964844,138.4199981689453,463000
2015-02-26,140.58999633789062,141.0,138.47000122070312,138.52000427246094,539600
2015-02-27,140.75999450683594,143.33999633789062,140.00999450683594,141.97999572753906,720600
2015-03-02,143.6199951171875,143.69000244140625,141.0,141.97000122070312,507500
2015-03-03,142.02999877929688,143.25,141.60000610351562,143.25,662100
2015-03-04,139.91000366210938,142.00999450683594,139.44000244140625,141.5500030517578,659900
2015-03-05,140.86000061035156,141.8000030517578,139.49000549316406,139.9499969482422,479300
2015-03-06,138.58999633789062,141.1699981689453,138.27000427246094,140.55999755859375,640500
2015-03-09,140.9600067138672,141.6999969482422,139.4199981689453,139.8800048828125,1691600
2015-03-10,140.47000122070312,142.08999633789062,139.02999877929688,140.27000427246094,1195700
2015-03-11,141.9600067138672,142.82000732421875,140.49000549316406,141.77999877929688,943400
2015-03-12,144.82000732421875,145.89999389648438,142.27999877929688,143.92999267578125,2368300
2015-03-13,150.10000610351562,156.0,148.11000061035156,155.08999633789062,4533700
2015-03-16,150.17999267578125,151.0,148.44000244140625,150.0,1256800
2015-03-17,150.4600067138672,151.94000244140625,148.77999877929688,149.3800048828125,923000
2015-03-18,150.99000549316406,151.58999633789062,149.1300048828125,150.72999572753906,840700
2015-03-19,152.2899932861328,152.6699981689453,150.38999938964844,151.00999450683594,719500
2015-03-20,152.02000427246094,152.75,151.10000610351562,152.67999267578125,856800
2015-03-23,153.17999267578125,154.52000427246094,152.61000061035156,153.10000610351562,734700
2015-03-24,153.77000427246094,154.5,152.8000030517578,153.24000549316406,536800
2015-03-25,151.5800018310547,154.3300018310547,151.2899932861328,153.6199951171875,556000
2015-03-26,150.00999450683594,151.27999877929688,148.36000061035156,150.35000610351562,620400
2015-03-27,151.1999969482422,151.75,149.57000732421875,149.6300048828125,441800
2015-03-30,151.5800018310547,153.02000427246094,151.0,152.83999633789062,553600
2015-03-31,150.85000610351562,152.9600067138672,150.39999389648438,151.50999450683594,477100
2015-04-01,150.97999572753906,151.3800048828125,148.4199981689453,150.88999938964844,744500
2015-04-02,151.3300018310547,152.24000549316406,149.52000427246094,150.64999389648438,691500
2015-04-06,153.27000427246094,153.8699951171875,150.67999267578125,150.8699951171875,696300
2015-04-07,151.4499969482422,155.5500030517578,151.42999267578125,153.67999267578125,546700
2015-04-08,152.1699981689453,153.22999572753906,151.72000122070312,152.10000610351562,458100
2015-04-09,151.8000030517578,153.0800018310547,150.5,152.1699981689453,368600
2015-04-10,151.67999267578125,152.67999267578125,151.3699951171875,151.89999389648438,304600
2015-04-13,152.0,152.9600067138672,151.72000122070312,151.72000122070312,540900
2015-04-14,153.49000549316406,154.24000549316406,151.6199951171875,152.6999969482422,785800
2015-04-15,153.55999755859375,156.3000030517578,153.38999938964844,156.1999969482422,873300
2015-04-16,154.16000366210938,154.6199951171875,153.50999450683594,153.50999450683594,435600
2015-04-17,152.0500030517578,155.8300018310547,151.75,154.89999389648438,688800
2015-04-20,151.58999633789062,153.3699951171875,150.7899932861328,152.5,600400
2015-04-21,152.97000122070312,153.80999755859375,151.63999938964844,151.77999877929688,524900
2015-04-22,153.94000244140625,153.97999572753906,150.50999450683594,152.82000732421875,529900
2015-04-23,156.99000549316406,157.91000366210938,153.1199951171875,153.8800048828125,817700
2015-04-24,157.0800018310547,158.97000122070312,156.7100067138672,157.92999267578125,745300
2015-04-27,155.91000366210938,157.47000122070312,155.63999938964844,156.97000122070312,454800
2015-04-28,154.47000122070312,156.9600067138672,154.25,155.5,759100
2015-04-29,151.8300018310547,154.6300048828125,151.38999938964844,154.2899932861328,555900
2015-04-30,151.08999633789062,153.61000061035156,150.3000030517578,151.22000122070312,642000
2015-05-01,154.27000427246094,154.32000732421875,150.0,150.41000366210938,475800
2015-05-04,153.85000610351562,154.9499969482422,153.02999877929688,154.52000427246094,506000
2015-05-05,153.47000122070312,154.5399932861328,152.11000061035156,154.25,578800
2015-05-06,152.0399932861328,153.85000610351562,151.1699981689453,153.3300018310547,626800
2015-05-07,153.83999633789062,154.8699951171875,151.00999450683594,151.3699951171875,503000
2015-05-08,154.2899932861328,156.22000122070312,154.17999267578125,155.0,487700
2015-05-11,154.27000427246094,155.22000122070312,154.0,154.0,478400
2015-05-12,153.19000244140625,154.3800048828125,152.1199951171875,153.25999450683594,374200
2015-05-13,152.1300048828125,154.11000061035156,151.16000366210938,152.99000549316406,521800
2015-05-14,149.8300018310547,152.69000244140625,149.52999877929688,152.69000244140625,1027500
2015-05-15,151.0,152.05999755859375,149.1199951171875,149.41000366210938,723100
2015-05-18,151.50999450683594,152.11000061035156,149.85000610351562,150.39999389648438,567700
2015-05-19,152.13999938964844,153.50999450683594,150.75,151.36000061035156,697200
2015-05-20,150.8300018310547,152.08999633789062,149.52999877929688,151.67999267578125,615900
2015-05-21,152.25,153.19000244140625,151.0500030517578,151.1999969482422,451300
2015-05-22,151.24000549316406,152.97000122070312,151.11000061035156,152.07000732421875,401700
2015-05-26,150.16000366210938,152.3800048828125,150.13999938964844,150.89999389648438,861500
2015-05-27,154.77999877929688,155.47999572753906,151.72000122070312,151.8800048828125,1377500
2015-05-28,156.27000427246094,156.49000549316406,152.8000030517578,155.17999267578125,2504500
2015-05-29,152.6199951171875,159.85000610351562,152.25,159.27000427246094,3788700
2015-06-01,153.8699951171875,154.1699981689453,151.0,153.0500030517578,1207000
2015-06-02,154.35000610351562,156.14999389648438,154.0,154.3000030517578,973700
2015-06-03,156.25999450683594,157.0,153.6699981689453,154.50999450683594,905300
2015-06-04,155.89999389648438,157.5,154.25999450683594,154.72000122070312,816500
2015-06-05,156.27999877929688,157.17999267578125,154.60000610351562,156.11000061035156,682600
2015-06-08,153.69000244140625,156.50999450683594,153.5399932861328,156.4600067138672,723700
2015-06-09,153.77000427246094,154.49000549316406,152.22000122070312,153.72999572753906,538800
2015-06-10,154.97999572753906,155.69000244140625,153.85000610351562,154.49000549316406,571100
2015-06-11,155.3699951171875,156.4600067138672,155.00999450683594,155.00999450683594,412600
2015-06-12,155.32000732421875,156.2899932861328,154.27999877929688,154.7100067138672,341700
2015-06-15,154.57000732421875,155.32000732421875,153.57000732421875,154.47000122070312,433000
2015-06-16,155.5,156.10000610351562,154.10000610351562,154.4499969482422,386800
2015-06-17,155.6199951171875,156.38999938964844,154.58999633789062,155.67999267578125,473900
2015-06-18,156.47999572753906,158.75,155.6199951171875,156.0,878000
2015-06-19,154.72999572753906,156.7100067138672,154.69000244140625,156.24000549316406,570600
2015-06-22,155.69000244140625,156.47000122070312,154.8300018310547,155.7899932861328,540500
2015-06-23,156.36000061035156,157.14999389648438,155.22000122070312,155.8800048828125,572600
2015-06-24,155.58999633789062,157.1300048828125,154.86000061035156,156.44000244140625,442700
2015-06-25,154.83999633789062,155.8000030517578,153.88999938964844,155.60000610351562,933600
2015-06-26,157.97999572753906,158.10000610351562,155.00999450683594,155.39999389648438,1160700
2015-06-29,153.67999267578125,156.9499969482422,153.24000549316406,156.25999450683594,634600
2015-06-30,154.4499969482422,154.94000244140625,152.77999877929688,154.69000244140625,618500
2015-07-01,155.4199981689453,156.47999572753906,154.3000030517578,155.94000244140625,701300
2015-07-02,156.22999572753906,156.25999450683594,154.27999877929688,155.22999572753906,801500
2015-07-06,157.22999572753906,157.33999633789062,154.25,154.7899932861328,733900
2015-07-07,159.4199981689453,159.72000122070312,156.07000732421875,157.17999267578125,984000
2015-07-08,158.5500030517578,160.0,157.77999877929688,158.00999450683594,1218900
2015-07-09,159.91000366210938,162.58999633789062,159.77999877929688,160.0,1430400
2015-07-10,163.11000061035156,163.6999969482422,160.77999877929688,162.5,876500
2015-07-13,166.9499969482422,167.1300048828125,164.02000427246094,164.4499969482422,983300
2015-07-14,167.0,167.72000122070312,165.52000427246094,167.72000122070312,665800
2015-07-15,168.25,168.3300018310547,166.11000061035156,167.52000427246094,731400
2015-07-16,167.32000732421875,169.30999755859375,166.22999572753906,169.0,1213200
2015-07-17,166.91000366210938,168.47999572753906,166.60000610351562,167.9199981689453,566700
2015-07-20,167.94000244140625,168.52999877929688,167.44000244140625,167.85000610351562,447000
2015-07-21,166.7899932861328,168.64999389648438,166.25,167.97000122070312,511200
2015-07-22,170.52000427246094,170.75,166.3699951171875,166.44000244140625,598000
2015-07-23,169.22000122070312,171.2100067138672,168.91000366210938,170.42999267578125,601500
2015-07-24,169.5399932861328,170.36000061035156,168.8300018310547,169.35000610351562,501000
2015-07-27,166.38999938964844,168.8699951171875,165.6699981689453,168.4499969482422,730100
2015-07-28,166.00999450683594,167.86000061035156,164.5399932861328,167.0500030517578,652000
2015-07-29,166.49000549316406,167.27999877929688,165.25999450683594,166.25,569800
2015-07-30,166.82000732421875,167.0,165.00999450683594,166.3000030517578,447400
2015-07-31,166.02999877929688,167.86000061035156,165.6300048828125,167.0,543200
2015-08-03,165.27000427246094,167.99000549316406,163.25999450683594,167.22999572753906,674900
2015-08-04,165.07000732421875,166.9199981689453,163.97999572753906,164.8300018310547,441500
2015-08-05,167.00999450683594,167.77000427246094,165.5399932861328,166.52000427246094,507200
2015-08-06,164.8000030517578,167.9600067138672,163.39999389648438,167.27000427246094,629600
2015-08-07,165.61000061035156,165.97000122070312,163.38999938964844,164.6999969482422,621500
2015-08-10,168.36000061035156,169.1300048828125,167.07000732421875,167.66000366210938,573400
2015-08-11,168.50999450683594,168.50999450683594,166.0,166.9600067138672,559700
2015-08-12,166.94000244140625,167.5800018310547,164.08999633789062,166.60000610351562,675500
2015-08-13,169.27999877929688,170.94000244140625,167.1300048828125,167.24000549316406,571600
2015-08-14,171.0399932861328,171.10000610351562,168.5500030517578,168.72999572753906,478900
2015-08-17,171.38999938964844,171.61000061035156,168.77000427246094,171.1199951171875,545500
2015-08-18,173.32000732421875,176.77000427246094,170.75999450683594,170.75999450683594,1023700
2015-08-19,172.6199951171875,173.92999267578125,172.0,173.64999389648438,739700
2015-08-20,171.3000030517578,172.91000366210938,168.75,171.6699981689453,840600
2015-08-21,162.57000732421875,168.4600067138672,162.1699981689453,167.77000427246094,1809900
2015-08-24,158.72000122070312,163.60000610351562,120.37999725341795,143.0,2734400
2015-08-25,153.25999450683594,164.42999267578125,152.52000427246094,164.11000061035156,1752900
2015-08-26,158.0500030517578,158.8699951171875,154.0399932861328,154.3000030517578,1791600
2015-08-27,160.24000549316406,162.99000549316406,159.30999755859375,160.8699951171875,2454700
2015-08-28,159.0,169.2899932861328,158.1300048828125,164.77999877929688,2919600
2015-08-31,158.08999633789062,160.66000366210938,157.22999572753906,157.27999877929688,1115200
2015-09-01,153.75999450683594,156.97999572753906,153.02000427246094,155.35000610351562,1284000
2015-09-02,158.50999450683594,158.88999938964844,153.83999633789062,155.5500030517578,1041400
2015-09-03,158.92999267578125,160.8699951171875,158.25999450683594,158.60000610351562,948700
2015-09-04,157.6999969482422,158.99000549316406,156.0399932861328,157.22000122070312,601200
2015-09-08,164.61000061035156,164.67999267578125,158.02000427246094,160.72000122070312,1156300
2015-09-09,163.39999389648438,169.13999938964844,163.32000732421875,169.0,1416300
2015-09-10,164.8300018310547,165.2899932861328,161.39999389648438,162.0,1369600
2015-09-11,165.05999755859375,165.5500030517578,162.67999267578125,164.80999755859375,632000
2015-09-14,163.0,165.72000122070312,162.02999877929688,164.77000427246094,658700
2015-09-15,164.05999755859375,165.1300048828125,160.77000427246094,163.08999633789062,767300
2015-09-16,164.72000122070312,164.9199981689453,162.94000244140625,164.52999877929688,501200
2015-09-17,168.13999938964844,169.25,163.9199981689453,164.49000549316406,1040500
2015-09-18,167.22999572753906,170.0,166.91000366210938,167.97999572753906,1583900
2015-09-21,168.69000244140625,170.02000427246094,167.52999877929688,168.4600067138672,789700
2015-09-22,165.77999877929688,167.66000366210938,164.4199981689453,166.4199981689453,593600
2015-09-23,168.10000610351562,168.25999450683594,165.5500030517578,165.55999755859375,557600
2015-09-24,168.00999450683594,168.69000244140625,165.7899932861328,167.0800018310547,541700
2015-09-25,169.14999389648438,170.22000122070312,168.0,169.38999938964844,769300
2015-09-28,164.36000061035156,168.35000610351562,163.4199981689453,168.02000427246094,948800
2015-09-29,161.7100067138672,164.4600067138672,160.58999633789062,163.89999389648438,819900
2015-09-30,163.35000610351562,165.92999267578125,162.35000610351562,163.9499969482422,751300
2015-10-01,165.58999633789062,165.58999633789062,162.77999877929688,164.25999450683594,828700
2015-10-02,165.75999450683594,165.7899932861328,161.00999450683594,163.91000366210938,930500
2015-10-05,168.0399932861328,168.27000427246094,165.3300018310547,166.8300018310547,1005700
2015-10-06,165.91000366210938,167.9600067138672,165.33999633789062,167.9600067138672,714500
2015-10-07,165.0500030517578,167.74000549316406,164.16000366210938,165.9499969482422,959000
2015-10-08,163.94000244140625,165.77999877929688,162.4199981689453,164.6300048828125,601900
2015-10-09,165.8000030517578,166.1999969482422,162.55999755859375,163.80999755859375,489800
2015-10-12,166.07000732421875,167.1199951171875,164.97999572753906,166.72999572753906,557200
2015-10-13,163.85000610351562,167.3300018310547,163.3300018310547,165.5399932861328,447700
2015-10-14,159.25999450683594,164.08999633789062,158.42999267578125,163.60000610351562,623000
2015-10-15,161.05999755859375,161.2100067138672,158.0399932861328,160.3000030517578,703200
2015-10-16,166.11000061035156,167.3800048828125,161.14999389648438,161.32000732421875,736600
2015-10-19,168.36000061035156,168.6300048828125,164.5,166.0800018310547,689900
2015-10-20,169.2100067138672,170.1300048828125,168.02999877929688,169.0,613000
2015-10-21,168.22000122070312,170.1300048828125,167.6199951171875,169.69000244140625,438300
2015-10-22,168.02000427246094,170.25,167.7100067138672,168.99000549316406,439600
2015-10-23,165.91000366210938,169.9199981689453,163.74000549316406,169.9199981689453,560100
2015-10-26,169.1999969482422,170.0,165.9600067138672,166.00999450683594,723800
2015-10-27,169.08999633789062,169.9199981689453,167.41000366210938,169.72999572753906,398300
2015-10-28,172.9600067138672,173.99000549316406,168.00999450683594,169.32000732421875,785000
2015-10-29,173.3000030517578,173.5,171.1199951171875,172.07000732421875,469700
2015-10-30,173.9600067138672,175.72000122070312,172.74000549316406,173.36000061035156,713000
2015-11-02,172.75999450683594,175.77999877929688,171.1699981689453,174.8800048828125,611200
2015-11-03,172.9499969482422,174.9499969482422,171.89999389648438,171.9199981689453,645000
2015-11-04,170.1199951171875,173.52999877929688,169.38999938964844,173.32000732421875,508100
2015-11-05,172.52999877929688,173.17999267578125,169.5,170.5800018310547,439900
2015-11-06,172.63999938964844,173.2100067138672,170.33999633789062,172.0399932861328,342900
2015-11-09,171.55999755859375,172.27000427246094,169.60000610351562,172.27000427246094,409200
2015-11-10,174.0800018310547,174.10000610351562,170.77999877929688,170.97999572753906,369500
2015-11-11,170.69000244140625,174.6699981689453,170.50999450683594,174.27999877929688,572800
2015-11-12,169.36000061035156,171.49000549316406,169.24000549316406,170.22999572753906,624700
2015-11-13,155.1999969482422,168.0,151.52000427246094,167.88999938964844,3011500
2015-11-16,159.47999572753906,160.4199981689453,154.1999969482422,154.33999633789062,1663900
2015-11-17,162.6999969482422,163.5800018310547,160.00999450683594,160.58999633789062,789600
2015-11-18,164.99000549316406,165.27000427246094,160.6199951171875,163.74000549316406,547900
2015-11-19,164.5,165.75,163.25,165.24000549316406,536700
2015-11-20,170.50999450683594,170.5399932861328,164.4600067138672,165.0,788100
2015-11-23,170.83999633789062,173.0,169.5800018310547,170.77000427246094,727100
2015-11-24,170.8300018310547,172.19000244140625,169.3699951171875,169.77999877929688,646500
2015-11-25,170.11000061035156,171.00999450683594,169.1699981689453,170.00999450683594,710700
2015-11-27,170.97999572753906,171.83999633789062,169.8800048828125,170.58999633789062,352700
2015-11-30,167.0,174.49000549316406,165.83999633789062,173.00999450683594,1823500
2015-12-01,165.8300018310547,168.9499969482422,163.77999877929688,167.82000732421875,1111300
2015-12-02,163.52000427246094,166.1999969482422,162.5800018310547,165.8300018310547,1224500
2015-12-03,163.19000244140625,165.36000061035156,161.0,164.41000366210938,2097400
2015-12-04,184.0800018310547,185.72999572753903,173.8699951171875,174.5,5251600
2015-12-07,184.2400054931641,186.27000427246097,183.22000122070312,184.63999938964844,1615800
2015-12-08,185.0800018310547,185.4900054931641,181.9499969482422,182.25,875300
2015-12-09,184.05999755859375,186.6499938964844,183.6699981689453,184.55999755859375,785700
2015-12-10,183.11000061035156,185.80999755859375,182.92999267578125,183.61000061035156,843200
2015-12-11,182.47000122070312,183.7899932861328,179.00999450683594,179.69000244140625,709300
2015-12-14,185.5399932861328,187.22000122070312,183.0500030517578,183.0500030517578,1076500
2015-12-15,185.4199981689453,187.47000122070312,184.4600067138672,186.17999267578125,853900
2015-12-16,187.27000427246097,188.0,185.42999267578125,185.42999267578125,793300
2015-12-17,185.42999267578125,188.47999572753903,184.7599945068359,188.0,777900
2015-12-18,184.94000244140625,185.6699981689453,184.02999877929688,184.9499969482422,2640700
2015-12-21,186.4900054931641,187.3000030517578,184.82000732421875,186.4600067138672,804100
2015-12-22,186.1199951171875,187.19000244140625,184.94000244140625,187.05999755859375,574000
2015-12-23,186.27000427246097,186.83999633789065,184.77999877929688,186.83999633789065,391100
2015-12-24,184.92999267578125,186.6999969482422,184.52999877929688,185.92999267578125,253100
2015-12-28,184.77000427246097,186.32000732421875,183.94000244140625,184.72999572753903,510600
2015-12-29,185.30999755859375,187.69000244140625,185.02000427246097,186.2899932861328,457700
2015-12-30,185.61000061035156,186.25,184.6999969482422,185.61000061035156,357900
2015-12-31,185.0,185.9900054931641,183.8300018310547,184.61000061035156,633800
2016-01-04,181.80999755859375,184.6000061035156,180.4600067138672,182.6699981689453,1196000
2016-01-05,182.6699981689453,183.8800048828125,180.72999572753903,182.57000732421875,568000
2016-01-06,183.2100067138672,183.27000427246097,179.1300048828125,180.38999938964844,870400
2016-01-07,182.97999572753903,186.4900054931641,179.8000030517578,179.8000030517578,1034500
2016-01-08,182.1699981689453,184.8000030517578,181.6499938964844,184.8000030517578,847400
2016-01-11,182.0,183.92999267578125,179.86000061035156,182.63999938964844,560700
2016-01-12,185.6199951171875,185.97999572753903,182.75,182.80999755859375,675400
2016-01-13,179.08999633789062,186.0,178.5,186.0,877900
2016-01-14,177.8800048828125,180.3699951171875,173.86000061035156,179.08999633789062,1606700
2016-01-15,170.4499969482422,174.49000549316406,168.39999389648438,173.1999969482422,1658400
2016-01-19,175.30999755859375,177.9499969482422,170.38999938964844,171.97999572753906,1040700
2016-01-20,174.25999450683594,175.9600067138672,168.52999877929688,173.3000030517578,1556300
2016-01-21,176.5,180.5800018310547,173.10000610351562,174.5,1213300
2016-01-22,179.72999572753906,180.16000366210935,175.5500030517578,177.9499969482422,1041300
2016-01-25,175.66000366210938,179.7899932861328,175.25,178.5,873600
2016-01-26,179.1300048828125,179.9499969482422,175.6699981689453,176.5800018310547,815300
2016-01-27,173.92999267578125,179.55999755859375,172.89999389648438,178.8300018310547,812800
2016-01-28,174.33999633789062,175.83999633789062,171.2899932861328,175.8300018310547,763700
2016-01-29,181.1699981689453,181.3000030517578,174.8800048828125,175.33999633789062,1054500
2016-02-01,180.57000732421875,182.0099945068359,177.75999450683594,179.9199981689453,748100
2016-02-02,177.02999877929688,180.72000122070312,176.4600067138672,179.74000549316406,650100
2016-02-03,173.4600067138672,181.42999267578125,171.25,180.5,1069100
2016-02-04,168.8800048828125,173.5500030517578,167.5,173.5500030517578,1295500
2016-02-05,159.7100067138672,169.47999572753906,155.80999755859375,168.75,2367500
2016-02-08,155.33999633789062,156.85000610351562,152.75,156.75999450683594,1885500
2016-02-09,151.97999572753906,155.91000366210938,148.60000610351562,152.0,1785500
2016-02-10,153.83999633789062,156.1199951171875,151.8300018310547,152.7899932861328,1439000
2016-02-11,153.30999755859375,154.66000366210938,150.10000610351562,152.5399932861328,1200600
2016-02-12,158.49000549316406,158.63999938964844,154.2899932861328,156.24000549316406,1066400
2016-02-16,159.02000427246094,161.88999938964844,157.60000610351562,160.61000061035156,971400
2016-02-17,158.9199981689453,162.88999938964844,158.16000366210938,160.50999450683594,1443800
2016-02-18,154.5500030517578,155.9499969482422,147.25,155.3300018310547,3673500
2016-02-19,150.07000732421875,153.38999938964844,146.77000427246094,153.16000366210938,2825600
2016-02-22,156.27000427246094,156.8699951171875,150.42999267578125,151.0,1572000
2016-02-23,159.1699981689453,161.4600067138672,156.3000030517578,156.6300048828125,1924200
2016-02-24,160.75,161.22999572753906,156.0,156.52000427246094,1248000
2016-02-25,164.25,164.27000427246094,160.8800048828125,161.52000427246094,1408100
2016-02-26,164.75,166.97000122070312,162.5399932861328,165.57000732421875,1205100
2016-02-29,165.19000244140625,168.5,164.0,165.0,1182300
2016-03-01,168.41000366210938,168.64999389648438,164.1999969482422,165.86000061035156,1053600
2016-03-02,168.32000732421875,168.86000061035156,165.7100067138672,168.2100067138672,776300
2016-03-03,169.3800048828125,171.19000244140625,166.0,167.41000366210938,1124400
2016-03-04,168.97000122070312,170.0500030517578,167.5800018310547,169.9600067138672,628100
2016-03-07,164.63999938964844,168.88999938964844,163.0500030517578,168.57000732421875,1237900
2016-03-08,162.9600067138672,165.47999572753906,162.47000122070312,164.33999633789062,1652000
2016-03-09,159.00999450683594,165.97000122070312,158.2100067138672,164.6999969482422,2445400
2016-03-10,163.38999938964844,164.32000732421875,158.5,159.55999755859375,3753300
2016-03-11,191.6199951171875,192.05999755859375,184.1000061035156,186.6000061035156,6130700
2016-03-14,190.02000427246097,191.91000366210935,188.83999633789065,189.52000427246097,1699300
2016-03-15,187.8699951171875,191.0099945068359,187.6499938964844,189.02000427246097,1185200
2016-03-16,190.02000427246097,191.0,186.6000061035156,187.1000061035156,936700
2016-03-17,188.0099945068359,190.67999267578125,187.4600067138672,189.44000244140625,1029200
2016-03-18,191.38999938964844,192.3800048828125,187.8999938964844,188.32000732421875,1096100
2016-03-21,192.3500061035156,193.77999877929688,190.2100067138672,190.8800048828125,1037600
2016-03-22,191.6499938964844,192.5,189.4600067138672,190.44000244140625,881400
2016-03-23,191.57000732421875,193.07000732421875,190.77000427246097,191.22000122070312,527300
2016-03-24,191.7599945068359,192.7100067138672,190.6199951171875,191.3999938964844,621200
2016-03-28,191.91000366210935,193.6000061035156,190.7400054931641,191.83999633789065,475800
2016-03-29,193.3699951171875,193.92999267578125,191.52999877929688,192.5500030517578,541900
2016-03-30,194.11000061035156,195.0,192.3300018310547,194.8699951171875,613700
2016-03-31,193.7400054931641,194.94000244140625,192.6199951171875,193.8699951171875,737300
2016-04-01,194.17999267578125,195.61000061035156,192.1000061035156,192.6199951171875,507200
2016-04-04,193.1199951171875,194.83999633789065,191.3699951171875,194.67999267578125,583700
2016-04-05,193.75,195.02000427246097,192.0099945068359,192.27000427246097,765300
2016-04-06,194.6699981689453,196.6000061035156,193.4199981689453,193.91000366210935,657400
2016-04-07,194.1199951171875,195.0399932861328,191.8500061035156,194.1199951171875,867000
2016-04-08,200.5099945068359,203.75,197.80999755859375,201.94000244140625,3611200
2016-04-11,202.1000061035156,204.6199951171875,200.6300048828125,201.5099945068359,1598700
2016-04-12,203.94000244140625,205.11000061035156,201.63999938964844,203.5,1191000
2016-04-13,207.4199981689453,207.75,205.02999877929688,205.44000244140625,1115900
2016-04-14,205.6699981689453,207.72000122070312,204.66000366210935,207.72000122070312,1364700
2016-04-15,204.05999755859375,206.33999633789065,202.30999755859375,206.33999633789065,11411000
2016-04-18,206.91000366210935,207.0500030517578,203.2400054931641,203.92999267578125,1112600
2016-04-19,204.0399932861328,206.57000732421875,203.08999633789065,206.1999969482422,1161800
2016-04-20,204.4199981689453,205.1199951171875,202.91000366210935,203.97999572753903,883400
2016-04-21,205.86000061035156,207.6699981689453,204.38999938964844,204.6199951171875,855100
2016-04-22,205.38999938964844,206.47999572753903,202.69000244140625,205.4199981689453,995300
2016-04-25,207.3699951171875,207.8300018310547,203.9499969482422,205.0800018310547,959700
2016-04-26,208.1300048828125,208.22000122070312,205.36000061035156,207.0399932861328,1126600
2016-04-27,212.52000427246097,212.9199981689453,207.32000732421875,207.32000732421875,1387700
2016-04-28,206.9900054931641,211.97000122070312,206.5800018310547,211.5099945068359,891100
2016-04-29,208.27999877929688,208.5399932861328,205.25,206.4600067138672,826300
2016-05-02,210.72000122070312,210.77000427246097,207.5399932861328,208.2899932861328,666200
2016-05-03,209.91000366210935,210.33999633789065,206.7400054931641,208.3999938964844,901000
2016-05-04,209.97000122070312,211.0099945068359,208.7100067138672,209.0500030517578,543300
2016-05-05,206.2100067138672,209.77999877929688,204.4600067138672,209.77999877929688,844000
2016-05-06,208.67999267578125,208.92999267578125,204.0500030517578,205.1999969482422,774000
2016-05-09,208.4600067138672,210.25,204.6000061035156,205.6499938964844,800300
2016-05-10,208.27000427246097,209.25,205.7899932861328,209.25,854100
2016-05-11,202.8500061035156,207.6999969482422,202.27999877929688,207.0099945068359,952000
2016-05-12,207.42999267578125,208.41000366210935,203.0,203.6999969482422,761600
2016-05-13,205.1999969482422,207.5399932861328,203.2899932861328,207.02999877929688,633400
2016-05-16,208.1300048828125,209.08999633789065,204.38999938964844,204.8500061035156,482500
2016-05-17,204.44000244140625,208.2400054931641,203.27999877929688,207.2100067138672,875500
2016-05-18,206.4499969482422,208.30999755859375,203.17999267578125,204.4499969482422,1032500
2016-05-19,207.88999938964844,208.6300048828125,205.0,205.0,522800
2016-05-20,208.47000122070312,208.9499969482422,206.05999755859375,208.72999572753903,969000
2016-05-23,206.02000427246097,209.97999572753903,205.9499969482422,208.97000122070312,964300
2016-05-24,206.58999633789065,209.72000122070312,206.4199981689453,208.47999572753903,1391300
2016-05-25,211.47999572753903,212.2599945068359,206.61000061035156,206.61000061035156,1238000
2016-05-26,213.69000244140625,214.44000244140625,211.5500030517578,214.0,1885900
2016-05-27,233.1499938964844,237.52999877929688,228.52999877929688,230.75,3584500
2016-05-31,233.0099945068359,234.1499938964844,231.36000061035156,233.47999572753903,2141900
2016-06-01,236.67999267578125,236.86000061035156,232.6000061035156,233.2899932861328,871100
2016-06-02,237.05999755859375,238.7599945068359,234.80999755859375,236.2400054931641,781000
2016-06-03,236.57000732421875,237.32000732421875,234.17999267578125,236.8000030517578,778400
2016-06-06,236.7400054931641,238.75,234.6300048828125,238.66000366210935,490200
2016-06-07,239.17999267578125,239.9499969482422,236.5,236.7899932861328,716500
2016-06-08,239.36000061035156,240.69000244140625,238.4600067138672,240.0,409200
2016-06-09,240.0099945068359,240.5099945068359,237.72999572753903,237.72999572753903,550000
2016-06-10,239.97999572753903,240.2400054931641,237.8000030517578,237.82000732421875,526300
2016-06-13,237.9499969482422,240.8300018310547,237.2100067138672,237.2100067138672,578100
2016-06-14,237.8800048828125,239.32000732421875,235.6000061035156,237.9199981689453,559500
2016-06-15,238.22999572753903,240.3300018310547,237.6499938964844,237.88999938964844,577700
2016-06-16,239.82000732421875,240.41000366210935,236.6300048828125,237.0800018310547,562500
2016-06-17,238.0399932861328,239.97999572753903,237.88999938964844,239.6999969482422,853400
2016-06-20,240.1999969482422,241.8800048828125,239.17999267578125,240.75,647000
2016-06-21,240.47000122070312,241.42999267578125,239.6999969482422,240.8999938964844,485100
2016-06-22,238.22999572753903,241.1199951171875,238.11000061035156,241.0800018310547,622500
2016-06-23,242.0800018310547,242.22999572753903,238.33999633789065,240.0500030517578,600900
2016-06-24,239.16000366210935,242.91000366210935,236.0099945068359,236.13999938964844,1463600
2016-06-27,235.0399932861328,238.55999755859375,232.57000732421875,236.77999877929688,825900
2016-06-28,236.2100067138672,237.5,234.6199951171875,237.0800018310547,793900
2016-06-29,240.66000366210935,241.8300018310547,237.83999633789065,238.5,749100
2016-06-30,243.63999938964844,244.0,240.17999267578125,242.0,614600
2016-07-01,243.7400054931641,245.3800048828125,241.02000427246097,242.8699951171875,561200
2016-07-05,244.72000122070312,245.3000030517578,242.3999938964844,243.44000244140625,604100
2016-07-06,247.77000427246097,248.4199981689453,244.30999755859375,244.57000732421875,758300
2016-07-07,247.2899932861328,248.67999267578125,245.05999755859375,247.6699981689453,514000
2016-07-08,250.82000732421875,253.11000061035156,247.5099945068359,248.52000427246097,742500
2016-07-11,252.2899932861328,253.1999969482422,250.6499938964844,252.0,504000
2016-07-12,253.25,254.66000366210935,251.3000030517578,253.8800048828125,551600
2016-07-13,250.1300048828125,253.77000427246097,250.0500030517578,252.9900054931641,471200
2016-07-14,255.11000061035156,255.3000030517578,251.3000030517578,251.9499969482422,785500
2016-07-15,255.80999755859375,256.8800048828125,255.2599945068359,256.8299865722656,666300
2016-07-18,256.0899963378906,256.8399963378906,255.1000061035156,256.0199890136719,544900
2016-07-19,256.9100036621094,256.9100036621094,254.52999877929688,256.0,383100
2016-07-20,255.8000030517578,257.5400085449219,255.67999267578125,257.4200134277344,481700
2016-07-21,254.91000366210935,256.7799987792969,254.6199951171875,255.1499938964844,449500
2016-07-22,258.6000061035156,258.7799987792969,254.8999938964844,255.02999877929688,379000
2016-07-25,259.54998779296875,260.0,258.4100036621094,258.9599914550781,344300
2016-07-26,259.0199890136719,261.4200134277344,258.4700012207031,260.0899963378906,444800
2016-07-27,257.7300109863281,259.989990234375,256.82000732421875,258.80999755859375,430300
2016-07-28,260.4800109863281,260.6600036621094,257.0400085449219,257.4200134277344,428400
2016-07-29,261.2099914550781,262.1199951171875,260.1300048828125,260.760009765625,451800
2016-08-01,260.57000732421875,262.80999755859375,258.7099914550781,262.19000244140625,767100
2016-08-02,256.9800109863281,262.0,255.07000732421875,261.510009765625,697400
2016-08-03,258.9100036621094,258.9599914550781,255.05999755859375,256.760009765625,420700
2016-08-04,260.67999267578125,260.69000244140625,256.6400146484375,258.3299865722656,531800
2016-08-05,262.3500061035156,262.7799987792969,260.7099914550781,261.3399963378906,414800
2016-08-08,261.3299865722656,263.55999755859375,260.6600036621094,263.1600036621094,347900
2016-08-09,261.9100036621094,262.8800048828125,260.7900085449219,261.44000244140625,276800
2016-08-10,263.0899963378906,263.4800109863281,261.7799987792969,262.3900146484375,269100
2016-08-11,265.95001220703125,266.19000244140625,262.7799987792969,264.0,452200
2016-08-12,266.79998779296875,266.9800109863281,265.04998779296875,265.04998779296875,433000
2016-08-15,266.9700012207031,269.82000732421875,266.8399963378906,268.760009765625,452900
2016-08-16,265.8999938964844,267.3699951171875,265.3299865722656,266.0,468000
2016-08-17,265.7900085449219,266.0,263.0199890136719,265.4800109863281,494500
2016-08-18,271.5899963378906,271.9599914550781,266.3399963378906,266.3399963378906,834900
2016-08-19,274.54998779296875,276.20001220703125,268.739990234375,270.92999267578125,839200
2016-08-22,270.70001220703125,275.8599853515625,270.3500061035156,275.7799987792969,1307000
2016-08-23,275.8900146484375,276.2300109863281,272.0199890136719,272.95001220703125,834600
2016-08-24,273.9800109863281,278.6300048828125,271.2799987792969,278.2900085449219,1178300
2016-08-25,271.45001220703125,274.5,269.7099914550781,272.6000061035156,2178500
2016-08-26,254.8500061035156,270.5,250.2400054931641,270.1099853515625,5833600
2016-08-29,254.08999633789065,256.5199890136719,252.5,254.6000061035156,1251400
2016-08-30,244.97000122070312,253.1699981689453,244.5,252.5099945068359,1859400
2016-08-31,247.2100067138672,248.8800048828125,242.9600067138672,244.02999877929688,1549100
2016-09-01,245.52000427246097,248.44000244140625,244.67999267578125,246.6699981689453,682400
2016-09-02,246.4600067138672,249.5099945068359,244.8800048828125,246.58999633789065,746800
2016-09-06,249.63999938964844,249.7599945068359,246.3699951171875,246.82000732421875,862800
2016-09-07,246.7400054931641,250.0,245.8300018310547,249.9600067138672,612800
2016-09-08,243.57000732421875,245.8999938964844,243.0,244.92999267578125,936400
2016-09-09,238.72999572753903,243.55999755859375,238.72999572753903,243.32000732421875,1310200
2016-09-12,242.38999938964844,243.3300018310547,235.19000244140625,235.3800048828125,1257200
2016-09-13,236.7599945068359,241.4600067138672,235.4199981689453,241.4499969482422,860500
2016-09-14,237.27000427246097,239.22999572753903,236.1199951171875,237.30999755859375,579600
2016-09-15,232.9900054931641,234.5500030517578,230.1000061035156,232.7400054931641,1477200
2016-09-16,233.7899932861328,235.63999938964844,232.0500030517578,232.8999938964844,1347100
2016-09-19,234.5500030517578,236.2400054931641,233.07000732421875,233.77999877929688,691000
2016-09-20,233.1999969482422,235.8300018310547,233.0,234.5500030517578,611100
2016-09-21,239.7400054931641,240.2599945068359,234.3000030517578,235.08999633789065,1162500
2016-09-22,238.3800048828125,241.1199951171875,237.41000366210935,240.9499969482422,687400
2016-09-23,237.0099945068359,239.22000122070312,236.2400054931641,237.22999572753903,479100
2016-09-26,237.80999755859375,238.7100067138672,235.3999938964844,236.0,542500
2016-09-27,243.66000366210935,244.08999633789065,238.0500030517578,238.3699951171875,1292400
2016-09-28,240.1999969482422,243.92999267578125,239.3300018310547,243.6999969482422,720300
2016-09-29,237.1199951171875,240.3999938964844,236.88999938964844,240.1999969482422,588600
2016-09-30,237.97999572753903,240.61000061035156,237.32000732421875,238.8699951171875,615000
2016-10-03,237.6000061035156,238.5099945068359,236.6000061035156,236.80999755859375,605700
2016-10-04,238.5500030517578,239.22000122070312,236.77000427246097,237.72999572753903,809800
2016-10-05,235.6000061035156,239.6000061035156,235.5399932861328,237.83999633789065,596300
2016-10-06,241.57000732421875,242.6999969482422,235.1000061035156,235.6000061035156,1286100
2016-10-07,239.07000732421875,242.6199951171875,237.86000061035156,242.61000061035156,613300
2016-10-10,240.36000061035156,242.0,239.33999633789065,241.6499938964844,433100
2016-10-11,236.66000366210935,240.5800018310547,235.58999633789065,240.2100067138672,609600
2016-10-12,238.97000122070312,240.4900054931641,236.6300048828125,237.17999267578125,556400
2016-10-13,266.1400146484375,266.739990234375,245.25,246.3500061035156,4768600
2016-10-14,262.75,268.7799987792969,262.5899963378906,268.0299987792969,1699700
2016-10-17,258.7200012207031,263.3299865722656,257.5400085449219,262.5,1198100
2016-10-18,256.0400085449219,261.489990234375,255.72000122070312,260.6199951171875,709800
2016-10-19,256.45001220703125,256.6700134277344,252.83999633789065,255.83999633789065,476800
2016-10-20,254.42999267578125,257.54998779296875,254.0,255.4499969482422,407400
2016-10-21,252.36000061035156,253.6000061035156,251.5500030517578,253.17999267578125,518600
2016-10-24,252.25,253.66000366210935,251.08999633789065,253.22999572753903,721200
2016-10-25,246.9900054931641,250.69000244140625,246.69000244140625,250.6699981689453,779900
2016-10-26,245.9199981689453,248.86000061035156,245.7599945068359,246.58999633789065,620400
2016-10-27,239.86000061035156,248.13999938964844,239.44000244140625,245.88999938964844,814000
2016-10-28,242.30999755859375,244.3500061035156,239.4199981689453,239.86000061035156,579700
2016-10-31,243.33999633789065,244.2899932861328,240.72000122070312,243.4900054931641,513000
2016-11-01,240.17999267578125,243.67999267578125,238.7599945068359,242.82000732421875,478900
2016-11-02,239.2899932861328,241.77000427246097,239.0,239.8000030517578,390500
2016-11-03,231.61000061035156,239.5500030517578,229.7599945068359,238.82000732421875,966100
2016-11-04,228.1699981689453,233.52999877929688,227.3300018310547,229.94000244140625,942300
2016-11-07,232.58999633789065,232.8999938964844,225.1300048828125,231.7599945068359,1203600
2016-11-08,232.6300048828125,233.7100067138672,230.02000427246097,233.27000427246097,656200
2016-11-09,236.33999633789065,237.30999755859375,226.5099945068359,226.63999938964844,1058600
2016-11-10,236.61000061035156,240.7899932861328,234.8699951171875,238.27000427246097,1129800
2016-11-11,238.8699951171875,239.83999633789065,234.55999755859375,235.3999938964844,698200
2016-11-14,240.41000366210935,244.5099945068359,239.30999755859375,240.3500061035156,1252300
2016-11-15,244.47000122070312,245.2100067138672,239.75,241.3800048828125,904600
2016-11-16,246.6199951171875,248.08999633789065,242.57000732421875,244.47999572753903,788400
2016-11-17,251.1300048828125,251.30999755859375,246.1199951171875,247.77999877929688,895800
2016-11-18,250.08999633789065,252.6499938964844,248.4600067138672,251.0500030517578,468800
2016-11-21,251.0,252.08999633789065,249.0500030517578,251.08999633789065,741800
2016-11-22,258.3900146484375,259.80999755859375,252.5399932861328,252.5399932861328,1208200
2016-11-23,262.0199890136719,262.9200134277344,258.05999755859375,259.2900085449219,836100
2016-11-25,263.6199951171875,264.6700134277344,261.0,263.55999755859375,383700
2016-11-28,261.6000061035156,265.3800048828125,261.0,263.57000732421875,841100
2016-11-29,260.4100036621094,262.3699951171875,260.0,261.3299865722656,748700
2016-11-30,259.5,262.2699890136719,256.5400085449219,259.67999267578125,1014500
2016-12-01,257.4100036621094,261.4200134277344,257.1199951171875,259.8500061035156,1412800
2016-12-02,253.38999938964844,273.989990234375,244.75,271.70001220703125,4415700
2016-12-05,257.6000061035156,260.95001220703125,252.3999938964844,253.4900054931641,1677300
2016-12-06,254.22000122070312,257.1499938964844,251.7400054931641,256.92999267578125,1164400
2016-12-07,253.94000244140625,255.6499938964844,251.0800018310547,254.0099945068359,703200
2016-12-08,253.2899932861328,256.6300048828125,253.1699981689453,254.57000732421875,735800
2016-12-09,251.13999938964844,253.4499969482422,249.8300018310547,252.67999267578125,646700
2016-12-12,251.61000061035156,251.61000061035156,248.5500030517578,250.02000427246097,760600
2016-12-13,255.02000427246097,257.2099914550781,251.5800018310547,252.0,710100
2016-12-14,252.92999267578125,254.8999938964844,251.25,254.4199981689453,630400
2016-12-15,256.69000244140625,258.19000244140625,252.42999267578125,253.1999969482422,602300
2016-12-16,262.1300048828125,266.57000732421875,257.79998779296875,257.79998779296875,1577600
2016-12-19,259.9700012207031,263.8699951171875,259.0400085449219,262.1300048828125,773700
2016-12-20,260.8900146484375,262.54998779296875,259.1199951171875,259.79998779296875,495400
2016-12-21,262.95001220703125,263.3500061035156,258.20001220703125,260.2900085449219,628900
2016-12-22,257.30999755859375,264.0,256.3599853515625,263.1000061035156,744900
2016-12-23,256.8599853515625,258.4599914550781,255.8300018310547,257.25,335000
2016-12-27,258.7300109863281,260.3999938964844,257.69000244140625,257.989990234375,407500
2016-12-28,255.75,259.4700012207031,254.25,258.8999938964844,435300
2016-12-29,257.3399963378906,258.2099914550781,254.91000366210935,254.91000366210935,330500
2016-12-30,254.94000244140625,258.1600036621094,253.6199951171875,258.1600036621094,399200
2017-01-03,256.67999267578125,260.5799865722656,255.61000061035156,256.20001220703125,662200
2017-01-04,260.9200134277344,261.8299865722656,257.0799865722656,257.0799865722656,678300
2017-01-05,264.1400146484375,266.05999755859375,258.4200134277344,259.8399963378906,1279500
2017-01-06,263.29998779296875,266.79998779296875,262.2799987792969,264.6400146484375,710400
2017-01-09,260.7900085449219,265.30999755859375,259.5299987792969,263.17999267578125,433500
2017-01-10,262.5,264.1400146484375,260.7799987792969,260.9800109863281,431000
2017-01-11,262.1499938964844,264.3800048828125,260.4200134277344,262.5,392900
2017-01-12,260.95001220703125,262.07000732421875,259.0,262.0299987792969,403600
2017-01-13,261.3999938964844,262.25,259.7099914550781,260.739990234375,409100
2017-01-17,263.05999755859375,264.8800048828125,259.5,260.95001220703125,411700
2017-01-18,265.5,265.7099914550781,261.75,264.0400085449219,638700
2017-01-19,266.1199951171875,267.9599914550781,264.9800109863281,265.760009765625,829200
2017-01-20,266.2200012207031,267.2200012207031,265.3399963378906,267.1300048828125,634700
2017-01-23,266.0199890136719,266.4200134277344,263.80999755859375,265.8999938964844,446300
2017-01-24,268.80999755859375,269.1199951171875,265.54998779296875,266.42999267578125,500900
2017-01-25,272.010009765625,272.5199890136719,268.7300109863281,269.9700012207031,654900
2017-01-26,272.4200134277344,273.989990234375,271.17999267578125,271.8900146484375,503600
2017-01-27,271.44000244140625,272.3599853515625,270.1199951171875,272.3599853515625,365500
2017-01-30,270.17999267578125,271.4200134277344,267.25,270.760009765625,680500
2017-01-31,272.2799987792969,273.1700134277344,266.3999938964844,270.1700134277344,820900
2017-02-01,269.5400085449219,273.75,269.239990234375,272.3800048828125,443200
2017-02-02,270.75,271.0400085449219,267.25,268.8500061035156,462800
2017-02-03,272.05999755859375,274.75,270.6000061035156,272.0,442800
2017-02-06,273.0799865722656,274.75,271.2200012207031,272.30999755859375,721700
2017-02-07,272.489990234375,274.2799987792969,271.6300048828125,273.04998779296875,428000
2017-02-08,272.82000732421875,272.989990234375,271.0799865722656,272.5400085449219,443900
2017-02-09,272.8699951171875,273.95001220703125,272.0799865722656,273.75,491800
2017-02-10,269.8399963378906,273.4700012207031,269.30999755859375,273.0400085449219,670800
2017-02-13,268.1199951171875,271.29998779296875,267.75,270.79998779296875,613400
2017-02-14,271.4599914550781,271.489990234375,267.7699890136719,268.20001220703125,620800
2017-02-15,273.6400146484375,273.8699951171875,270.45001220703125,270.989990234375,519600
2017-02-16,272.0899963378906,273.9800109863281,271.0,273.6000061035156,395900
2017-02-17,275.1499938964844,276.3299865722656,270.7099914550781,271.9599914550781,449600
2017-02-21,277.260009765625,278.45001220703125,275.5799865722656,275.95001220703125,505500
2017-02-22,277.19000244140625,278.05999755859375,276.010009765625,277.5299987792969,313100
2017-02-23,274.6000061035156,277.989990234375,273.739990234375,277.82000732421875,487100
2017-02-24,276.3299865722656,277.260009765625,272.5199890136719,274.19000244140625,465100
2017-02-27,275.69000244140625,277.6099853515625,275.5899963378906,277.0,398200
2017-02-28,273.42999267578125,276.3500061035156,272.7300109863281,275.3500061035156,425300
2017-03-01,274.8299865722656,277.7799987792969,274.4599914550781,276.5899963378906,588400
2017-03-02,277.45001220703125,277.75,274.8299865722656,274.8299865722656,509000
2017-03-03,278.1499938964844,278.3399963378906,275.2799987792969,277.3800048828125,460900
2017-03-06,275.5899963378906,281.1700134277344,273.489990234375,280.239990234375,1078600
2017-03-07,269.9200134277344,275.1600036621094,268.2300109863281,274.75,1641600
2017-03-08,275.4700012207031,275.8599853515625,270.5,270.5,818000
2017-03-09,273.7699890136719,277.25,272.6499938964844,276.5,1726400
2017-03-10,286.4200134277344,287.19000244140625,270.5,271.0,4576900
2017-03-13,286.9100036621094,288.5899963378906,283.7099914550781,286.4700012207031,1086800
2017-03-14,285.3800048828125,286.69000244140625,283.79998779296875,285.2099914550781,616200
2017-03-15,287.7799987792969,288.54998779296875,284.45001220703125,286.0,548000
2017-03-16,286.32000732421875,289.1300048828125,285.0899963378906,287.7300109863281,487100
2017-03-17,288.80999755859375,289.2699890136719,286.0799865722656,287.6300048828125,665200
2017-03-20,285.7099914550781,288.9800109863281,284.2699890136719,288.79998779296875,655600
2017-03-21,281.2799987792969,286.42999267578125,280.92999267578125,286.20001220703125,588100
2017-03-22,283.260009765625,284.04998779296875,280.0,281.2799987792969,701400
2017-03-23,281.2200012207031,284.7699890136719,280.95001220703125,283.010009765625,489000
2017-03-24,281.5299987792969,282.9100036621094,279.8299865722656,281.7799987792969,342200
2017-03-27,280.1400146484375,281.8800048828125,277.0899963378906,279.6400146484375,514600
2017-03-28,282.8599853515625,283.6499938964844,279.7099914550781,279.7900085449219,379700
2017-03-29,283.42999267578125,283.989990234375,281.57000732421875,283.1700134277344,411400
2017-03-30,285.510009765625,285.5400085449219,281.7200012207031,283.05999755859375,500200
2017-03-31,285.2300109863281,285.9599914550781,283.760009765625,285.239990234375,433100
2017-04-03,282.0299987792969,285.9800109863281,281.9200134277344,285.510009765625,644300
2017-04-04,281.57000732421875,284.0400085449219,280.8500061035156,282.0,397600
2017-04-05,281.6499938964844,284.4100036621094,280.489990234375,281.69000244140625,406000
2017-04-06,284.9599914550781,285.0199890136719,282.2099914550781,282.6499938964844,504700
2017-04-07,284.5,286.989990234375,283.75,285.2099914550781,343300
2017-04-10,286.5899963378906,287.4599914550781,285.29998779296875,287.4599914550781,370000
2017-04-11,286.6499938964844,287.0799865722656,283.30999755859375,286.739990234375,356300
2017-04-12,283.7799987792969,286.17999267578125,283.0299987792969,285.7099914550781,336700
2017-04-13,282.67999267578125,285.8299865722656,282.67999267578125,284.2099914550781,330300
2017-04-17,283.1700134277344,284.7300109863281,282.2099914550781,283.489990234375,325900
2017-04-18,282.8599853515625,284.17999267578125,282.0,282.75,291900
2017-04-19,279.4599914550781,282.42999267578125,276.0199890136719,282.0,1042000
2017-04-20,278.7300109863281,281.3900146484375,277.9700012207031,279.8699951171875,560200
2017-04-21,279.5,281.0299987792969,277.54998779296875,278.7799987792969,507300
2017-04-24,278.2099914550781,283.0,276.3999938964844,282.4800109863281,707200
2017-04-25,277.989990234375,281.19000244140625,276.6400146484375,279.4700012207031,512900
2017-04-26,279.69000244140625,280.9800109863281,277.0299987792969,278.1099853515625,488900
2017-04-27,281.67999267578125,283.6700134277344,277.95001220703125,279.7099914550781,679200
2017-04-28,281.44000244140625,282.79998779296875,279.5400085449219,282.44000244140625,348800
2017-05-01,283.2200012207031,283.8399963378906,281.20001220703125,281.7799987792969,493700
2017-05-02,288.5899963378906,288.7200012207031,283.2799987792969,283.2799987792969,516100
2017-05-03,290.3599853515625,291.5,288.2200012207031,288.8299865722656,457200
2017-05-04,292.2099914550781,292.3900146484375,289.4800109863281,290.010009765625,327100
2017-05-05,295.4700012207031,296.1700134277344,291.6499938964844,292.9200134277344,477200
2017-05-08,297.5400085449219,298.1300048828125,294.0400085449219,296.0,532900
2017-05-09,299.57000732421875,301.3999938964844,297.6199951171875,298.05999755859375,592300
2017-05-10,299.4700012207031,299.9200134277344,297.54998779296875,299.4200134277344,434300
2017-05-11,299.9100036621094,300.4200134277344,296.0199890136719,298.5400085449219,505000
2017-05-12,297.54998779296875,299.6499938964844,296.19000244140625,299.6499938964844,469300
2017-05-15,295.4100036621094,299.8800048828125,295.17999267578125,298.4100036621094,578300
2017-05-16,293.3299865722656,295.989990234375,293.20001220703125,295.489990234375,696800
2017-05-17,292.0899963378906,293.20001220703125,289.67999267578125,292.1099853515625,754300
2017-05-18,297.82000732421875,299.70001220703125,292.2699890136719,293.1099853515625,887800
2017-05-19,294.0799865722656,299.6600036621094,292.9100036621094,298.010009765625,709200
2017-05-22,294.94000244140625,298.8399963378906,294.0799865722656,295.32000732421875,612400
2017-05-23,290.54998779296875,296.3999938964844,290.0,296.3900146484375,926000
2017-05-24,280.510009765625,290.9800109863281,277.67999267578125,290.5,2023600
2017-05-25,293.0400085449219,293.8399963378906,282.260009765625,282.260009765625,2137000
2017-05-26,302.3999938964844,310.0,301.3599853515625,305.5,2858700
2017-05-30,303.0,306.8699951171875,302.0,302.0199890136719,807100
2017-05-31,304.8399963378906,304.9700012207031,301.29998779296875,304.1099853515625,595100
2017-06-01,306.7200012207031,307.19000244140625,304.2699890136719,304.45001220703125,552200
2017-06-02,311.4700012207031,311.7799987792969,307.70001220703125,309.989990234375,680000
2017-06-05,313.7300109863281,314.8599853515625,311.5400085449219,313.1400146484375,843100
2017-06-06,306.9599914550781,314.0799865722656,306.010009765625,313.2099914550781,934800
2017-06-07,307.94000244140625,309.6300048828125,306.8800048828125,307.92999267578125,482800
2017-06-08,307.2699890136719,310.0,305.5199890136719,309.0,537800
2017-06-09,307.8699951171875,310.19000244140625,306.8399963378906,308.3299865722656,511600
2017-06-12,301.0199890136719,307.489990234375,300.4800109863281,305.8800048828125,826400
2017-06-13,302.69000244140625,303.0199890136719,299.0199890136719,301.67999267578125,532200
2017-06-14,302.2099914550781,303.510009765625,299.45001220703125,302.44000244140625,635900
2017-06-15,300.1300048828125,300.739990234375,296.94000244140625,300.7300109863281,386800
2017-06-16,295.94000244140625,299.6000061035156,294.4100036621094,298.4200134277344,801800
2017-06-19,294.1700134277344,297.0,291.0400085449219,296.69000244140625,881000
2017-06-20,296.5,299.9700012207031,294.8500061035156,294.8500061035156,1014900
2017-06-21,288.8399963378906,296.8900146484375,288.2200012207031,295.6700134277344,980800
2017-06-22,284.1400146484375,290.510009765625,283.1000061035156,288.79998779296875,1155100
2017-06-23,284.7099914550781,286.19000244140625,280.95001220703125,282.2099914550781,822800
2017-06-26,289.7200012207031,291.55999755859375,285.0,285.0,740900
2017-06-27,282.8599853515625,289.7099914550781,280.9800109863281,289.44000244140625,886800
2017-06-28,285.2799987792969,286.9599914550781,280.32000732421875,283.2799987792969,526500
2017-06-29,285.8800048828125,286.5,281.3699951171875,284.8999938964844,764900
2017-06-30,287.3399963378906,289.8500061035156,284.3399963378906,287.510009765625,720900
2017-07-03,283.3599853515625,288.3399963378906,282.7799987792969,287.70001220703125,333000
2017-07-05,279.0400085449219,283.9700012207031,276.1199951171875,281.0,1293700
2017-07-06,273.239990234375,277.7200012207031,271.42999267578125,276.510009765625,1084600
2017-07-07,276.9700012207031,278.94000244140625,272.0400085449219,273.9200134277344,584700
2017-07-10,268.82000732421875,276.8900146484375,267.5199890136719,276.6400146484375,1099400
2017-07-11,255.97999572753903,269.25,253.08999633789065,268.57000732421875,3388500
2017-07-12,261.8599853515625,265.30999755859375,257.1700134277344,258.67999267578125,1909100
2017-07-13,257.3999938964844,265.5,257.19000244140625,265.5,1081900
2017-07-14,261.739990234375,267.4800109863281,260.70001220703125,264.70001220703125,1567000
2017-07-17,253.94000244140625,262.4800109863281,253.69000244140625,261.75,1671400
2017-07-18,258.75,259.7799987792969,253.1499938964844,253.1499938964844,1600600
2017-07-19,256.75,260.7900085449219,255.13999938964844,259.1700134277344,1197000
2017-07-20,255.7400054931641,256.94000244140625,254.88999938964844,256.6700134277344,791200
2017-07-21,253.3999938964844,256.489990234375,250.44000244140625,255.66000366210935,1135700
2017-07-24,252.0800018310547,256.1300048828125,250.8800048828125,253.3000030517578,884100
2017-07-25,256.6099853515625,257.1099853515625,250.52999877929688,252.4900054931641,950500
2017-07-26,247.2400054931641,249.97999572753903,243.61000061035156,245.7899932861328,2357800
2017-07-27,249.42999267578125,251.5,245.8000030517578,247.2400054931641,1169800
2017-07-28,248.6000061035156,252.57000732421875,246.0,247.0099945068359,669800
2017-07-31,251.2100067138672,251.9199981689453,243.27999877929688,243.8800048828125,960500
2017-08-01,255.27000427246097,257.05999755859375,252.4499969482422,253.13999938964844,1117800
2017-08-02,247.97000122070312,255.3500061035156,246.1000061035156,255.0,1187800
2017-08-03,251.27999877929688,251.97999572753903,246.2400054931641,246.94000244140625,676400
2017-08-04,250.1999969482422,254.58999633789065,250.0099945068359,252.1499938964844,460900
2017-08-07,248.80999755859375,251.9199981689453,248.52999877929688,249.55999755859375,617700
2017-08-08,250.63999938964844,252.8699951171875,247.22999572753903,248.88999938964844,537100
2017-08-09,253.0800018310547,254.4199981689453,249.17999267578125,249.8500061035156,668600
2017-08-10,246.8699951171875,252.1999969482422,246.69000244140625,252.08999633789065,685400
2017-08-11,251.0500030517578,251.97999572753903,247.9499969482422,247.9499969482422,385700
2017-08-14,248.47000122070312,252.8800048828125,247.4499969482422,251.8000030517578,680600
2017-08-15,237.6699981689453,248.92999267578125,237.36000061035156,248.80999755859375,1574700
2017-08-16,243.42999267578125,245.1000061035156,236.0,238.02000427246097,1302200
2017-08-17,241.42999267578125,245.25,240.9600067138672,241.8300018310547,678500
2017-08-18,244.1999969482422,247.36000061035156,240.8500061035156,240.8500061035156,813400
2017-08-21,234.2100067138672,240.0,233.02000427246097,236.6699981689453,1804700
2017-08-22,231.6499938964844,239.97999572753903,231.16000366210935,236.3699951171875,2165700
2017-08-23,232.05999755859375,233.44000244140625,228.5,231.0,2861100
2017-08-24,233.7100067138672,247.3000030517578,233.02000427246097,240.0,2884700
2017-08-25,212.36000061035156,217.8000030517578,208.25,215.44000244140625,7890200
2017-08-28,207.75,211.3800048828125,207.0,210.1999969482422,2745200
2017-08-29,211.77999877929688,212.72999572753903,204.0099945068359,205.13999938964844,1754200
2017-08-30,213.57000732421875,213.8800048828125,210.58999633789065,211.3800048828125,1511200
2017-08-31,221.0099945068359,221.1499938964844,214.47000122070312,214.82000732421875,2070900
2017-09-01,221.72999572753903,222.27000427246097,218.7599945068359,221.1199951171875,1646300
2017-09-05,223.8999938964844,223.94000244140625,220.0099945068359,221.0,1622500
2017-09-06,228.0,228.08999633789065,223.77000427246097,224.2899932861328,1519000
2017-09-07,230.52999877929688,231.27999877929688,228.25,228.52000427246097,1626400
2017-09-08,226.97999572753903,229.66000366210935,226.0,229.66000366210935,1112500
2017-09-11,228.6000061035156,228.88999938964844,227.1199951171875,227.8699951171875,716000
2017-09-12,226.8800048828125,229.55999755859375,225.52000427246097,229.5399932861328,1006400
2017-09-13,226.41000366210935,227.69000244140625,225.7100067138672,225.97999572753903,716600
2017-09-14,223.92999267578125,226.02999877929688,221.69000244140625,225.33999633789065,1439400
2017-09-15,224.6699981689453,224.8800048828125,222.80999755859375,223.4900054931641,937600
2017-09-18,227.0800018310547,228.69000244140625,225.33999633789065,225.72999572753903,1061100
2017-09-19,224.4499969482422,227.5500030517578,222.6300048828125,227.3800048828125,802900
2017-09-20,223.83999633789065,226.9199981689453,221.8800048828125,223.88999938964844,622600
2017-09-21,219.7400054931641,224.72000122070312,219.6999969482422,224.72000122070312,847900
2017-09-22,219.1699981689453,221.69000244140625,218.36000061035156,219.0099945068359,767700
2017-09-25,218.88999938964844,220.6300048828125,218.1300048828125,219.63999938964844,904600
2017-09-26,218.9900054931641,220.7599945068359,218.6699981689453,219.0,1422200
2017-09-27,227.66000366210935,228.8000030517578,219.27999877929688,219.27999877929688,1168700
2017-09-28,226.88999938964844,228.58999633789065,226.02999877929688,227.44000244140625,549700
2017-09-29,226.05999755859375,227.91000366210935,224.6199951171875,226.3000030517578,562100
2017-10-02,223.8000030517578,226.9900054931641,218.3300018310547,226.92999267578125,1063600
2017-10-03,227.6199951171875,227.7899932861328,221.7599945068359,222.47000122070312,893200
2017-10-04,223.52000427246097,227.4199981689453,222.8500061035156,226.7599945068359,600200
2017-10-05,220.6300048828125,224.9900054931641,220.6199951171875,223.52999877929688,1229600
2017-10-06,219.91000366210935,221.3300018310547,219.1000061035156,219.4199981689453,1479200
2017-10-09,217.33999633789065,220.8999938964844,215.61000061035156,220.1000061035156,631100
2017-10-10,212.69000244140625,217.83999633789065,212.69000244140625,217.1499938964844,835300
2017-10-11,207.88999938964844,212.67999267578125,207.6699981689453,212.19000244140625,2061100
2017-10-12,190.16000366210935,201.77999877929688,189.5,201.52000427246097,5496000
2017-10-13,198.5800018310547,200.8999938964844,187.9600067138672,191.97999572753903,3790600
2017-10-16,193.6999969482422,197.3999938964844,192.11000061035156,196.1199951171875,2309800
2017-10-17,202.27999877929688,202.66000366210935,195.27000427246097,196.44000244140625,1994000
2017-10-18,198.3699951171875,201.16000366210935,196.61000061035156,197.80999755859375,2400300
2017-10-19,204.6199951171875,208.69000244140625,197.1199951171875,198.05999755859375,2739400
2017-10-20,204.83999633789065,207.63999938964844,203.1699981689453,205.72000122070312,1114200
2017-10-23,202.36000061035156,204.97000122070312,202.11000061035156,204.83999633789065,804500
2017-10-24,203.30999755859375,203.77000427246097,201.27000427246097,201.9600067138672,670200
2017-10-25,201.2899932861328,203.42999267578125,199.55999755859375,202.6000061035156,785400
2017-10-26,200.5099945068359,202.2599945068359,199.3999938964844,201.22999572753903,688000
2017-10-27,198.92999267578125,200.36000061035156,196.0099945068359,200.0,953200
2017-10-30,201.69000244140625,204.9499969482422,196.77999877929688,197.86000061035156,837200
2017-10-31,201.7899932861328,203.8800048828125,200.2899932861328,202.17999267578125,724500
2017-11-01,204.8300018310547,212.3500061035156,202.13999938964844,203.7899932861328,1350900
2017-11-02,202.8999938964844,208.5399932861328,201.3000030517578,204.77000427246097,872500
2017-11-03,202.0500030517578,205.1999969482422,201.1499938964844,203.02999877929688,837200
2017-11-06,201.3300018310547,202.6499938964844,198.5099945068359,201.17999267578125,1272300
2017-11-07,198.0099945068359,202.8500061035156,196.5399932861328,201.63999938964844,770300
2017-11-08,195.8999938964844,199.3999938964844,194.1300048828125,198.2599945068359,1311600
2017-11-09,199.19000244140625,201.27999877929688,191.8000030517578,194.07000732421875,957000
2017-11-10,200.7599945068359,204.66000366210935,198.1999969482422,198.4199981689453,806800
2017-11-13,198.02999877929688,202.0099945068359,196.11000061035156,200.5500030517578,860900
2017-11-14,199.0500030517578,201.2400054931641,197.82000732421875,197.82000732421875,594100
2017-11-15,199.9900054931641,200.6000061035156,196.55999755859375,198.1499938964844,647800
2017-11-16,205.9600067138672,207.61000061035156,198.61000061035156,200.82000732421875,1049800
2017-11-17,215.1000061035156,215.67999267578125,206.61000061035156,208.02000427246097,1690700
2017-11-20,209.16000366210935,216.0500030517578,208.75,215.77000427246097,1281700
2017-11-21,209.9600067138672,211.8999938964844,203.08999633789065,207.05999755859375,1643900
2017-11-22,212.3000030517578,215.41000366210935,209.72000122070312,210.16000366210935,1152700
2017-11-24,210.3699951171875,214.0800018310547,209.27000427246097,212.69000244140625,438200
2017-11-27,206.69000244140625,212.0,205.83999633789065,210.9499969482422,1162500
2017-11-28,217.07000732421875,217.27000427246097,206.63999938964844,208.3000030517578,1815000
2017-11-29,223.1000061035156,227.3999938964844,218.82000732421875,218.97999572753903,1991700
2017-11-30,221.7100067138672,226.8999938964844,218.5800018310547,224.61000061035156,2723700
2017-12-01,212.5800018310547,217.61000061035156,201.0,208.07000732421875,6694700
2017-12-04,221.63999938964844,226.9199981689453,212.7400054931641,212.7400054931641,2663000
2017-12-05,223.97000122070312,226.13999938964844,219.8000030517578,223.77000427246097,1567800
2017-12-06,223.13999938964844,225.2599945068359,219.52999877929688,222.67999267578125,1280600
2017-12-07,221.58999633789065,227.52000427246097,221.1499938964844,223.9600067138672,1039500
2017-12-08,224.5399932861328,225.30999755859375,219.1300048828125,222.41000366210935,1465500
2017-12-11,216.13999938964844,224.42999267578125,215.55999755859375,224.16000366210935,1142600
2017-12-12,214.8699951171875,217.22999572753903,210.72000122070312,216.25,1860100
2017-12-13,215.02999877929688,217.47000122070312,213.22999572753903,215.7599945068359,1069700
2017-12-14,217.1699981689453,218.2599945068359,214.75,216.0800018310547,1389700
2017-12-15,218.25,220.1000061035156,216.0099945068359,218.3699951171875,1750200
2017-12-18,222.66000366210935,224.44000244140625,219.32000732421875,219.67999267578125,812300
2017-12-19,227.47000122070312,230.8000030517578,223.9199981689453,227.41000366210935,1159600
2017-12-20,226.0,230.88999938964844,224.2100067138672,228.4900054931641,897700
2017-12-21,228.57000732421875,229.5800018310547,225.92999267578125,226.2899932861328,1449000
2017-12-22,226.27000427246097,229.55999755859375,224.72999572753903,229.2899932861328,1232500
2017-12-26,226.67999267578125,229.97000122070312,224.33999633789065,227.7400054931641,1381000
2017-12-27,225.6499938964844,227.6499938964844,224.6000061035156,226.4900054931641,517900
2017-12-28,225.3300018310547,225.6000061035156,223.0,225.27000427246097,496700
2017-12-29,223.66000366210935,225.13999938964844,222.3500061035156,224.97999572753903,668000
2018-01-02,229.6300048828125,231.0,224.44000244140625,224.44000244140625,972900
2018-01-03,245.1199951171875,246.52000427246097,234.3800048828125,235.77000427246097,1975000
2018-01-04,244.8800048828125,249.3000030517578,240.25,248.0099945068359,1250600
2018-01-05,237.9600067138672,244.75,235.02000427246097,244.44000244140625,1811000
2018-01-08,231.13999938964844,238.9900054931641,230.17999267578125,237.25,1348900
2018-01-09,232.9199981689453,233.5399932861328,227.82000732421875,231.1999969482422,939600
2018-01-10,230.4499969482422,233.16000366210935,229.1499938964844,231.1699981689453,517600
2018-01-11,233.1499938964844,233.5,228.0099945068359,231.3999938964844,702900
2018-01-12,237.32000732421875,237.72000122070312,233.4900054931641,233.5399932861328,1086600
2018-01-16,237.1199951171875,238.67999267578125,234.67999267578125,238.2899932861328,832400
2018-01-17,238.69000244140625,245.72999572753903,237.6000061035156,245.19000244140625,1363200
2018-01-18,243.1499938964844,243.9600067138672,238.2599945068359,238.82000732421875,1075300
2018-01-19,244.1300048828125,247.3000030517578,241.66000366210935,244.8999938964844,1235100
2018-01-22,235.0099945068359,241.7899932861328,232.7400054931641,240.8800048828125,1973600
2018-01-23,228.7899932861328,234.77999877929688,227.8800048828125,233.8500061035156,1919200
2018-01-24,224.30999755859375,228.3300018310547,220.6699981689453,228.3300018310547,1702000
2018-01-25,227.2899932861328,228.7400054931641,223.0,224.8699951171875,1128700
2018-01-26,227.69000244140625,229.3500061035156,223.41000366210935,226.8800048828125,1450700
2018-01-29,229.1499938964844,230.8999938964844,225.3800048828125,227.52999877929688,996300
2018-01-30,226.0500030517578,228.7899932861328,223.07000732421875,225.83999633789065,737800
2018-01-31,222.1000061035156,226.88999938964844,221.02000427246097,226.4600067138672,989500
2018-02-01,219.3999938964844,222.02000427246097,217.52999877929688,220.6000061035156,810100
2018-02-02,219.47000122070312,221.9600067138672,216.1999969482422,219.17999267578125,1030700
2018-02-05,212.9900054931641,224.38999938964844,212.9900054931641,218.5099945068359,1902100
2018-02-06,218.58999633789065,222.1300048828125,207.33999633789065,210.7899932861328,1650200
2018-02-07,218.05999755859375,221.6699981689453,216.91000366210935,217.9900054931641,753500
2018-02-08,209.08999633789065,219.94000244140625,209.0099945068359,218.8800048828125,1022100
2018-02-09,218.5500030517578,220.44000244140625,205.5,211.0,1325500
2018-02-12,209.47999572753903,222.22000122070312,204.75,219.97000122070312,2647400
2018-02-13,206.7899932861328,211.25,206.2599945068359,208.44000244140625,1071100
2018-02-14,206.7599945068359,208.63999938964844,204.6999969482422,204.7400054931641,1299000
2018-02-15,204.0,208.25,203.3800048828125,207.2400054931641,1261100
2018-02-16,203.1499938964844,205.72999572753903,201.6300048828125,204.4499969482422,1061100
2018-02-20,201.1300048828125,205.0,199.5,200.1499938964844,984900
2018-02-21,201.19000244140625,204.83999633789065,199.8300018310547,202.2100067138672,728700
2018-02-22,204.0500030517578,204.83999633789065,199.5399932861328,201.2599945068359,953800
2018-02-23,207.11000061035156,207.2100067138672,203.77000427246097,205.0,852300
2018-02-26,198.92999267578125,207.0399932861328,198.32000732421875,206.8999938964844,1634800
2018-02-27,203.05999755859375,204.88999938964844,198.2899932861328,198.8999938964844,1217500
2018-02-28,203.3500061035156,208.97999572753903,203.3300018310547,204.4900054931641,997100
2018-03-01,200.7100067138672,204.83999633789065,199.5399932861328,203.6199951171875,808100
2018-03-02,194.0,199.0800018310547,191.6999969482422,198.0800018310547,2208000
2018-03-05,197.8800048828125,198.33999633789065,192.5,194.0,1314500
2018-03-06,200.22000122070312,202.88999938964844,198.3999938964844,198.3999938964844,1266100
2018-03-07,201.07000732421875,202.1300048828125,196.07000732421875,197.7599945068359,921900
2018-03-08,206.5399932861328,206.9600067138672,200.1300048828125,202.3500061035156,1023100
2018-03-09,205.9199981689453,208.75,202.80999755859375,207.47000122070312,1064700
2018-03-12,207.6199951171875,208.30999755859375,203.02000427246097,205.69000244140625,899700
2018-03-13,208.3999938964844,208.3999938964844,203.02000427246097,205.69000244140625,1436800
2018-03-14,201.9900054931641,209.4900054931641,201.25,208.83999633789065,1167900
2018-03-15,206.13999938964844,206.5,201.0,202.38999938964844,2747200
2018-03-16,221.8800048828125,223.5,207.5399932861328,210.3500061035156,5862200
2018-03-19,215.6000061035156,222.97999572753903,215.1999969482422,221.75,1368800
2018-03-20,215.6300048828125,219.0,214.22000122070312,216.88999938964844,1267900
2018-03-21,213.0,217.5399932861328,212.8999938964844,215.7899932861328,1027600
2018-03-22,207.36000061035156,215.61000061035156,207.2100067138672,212.5500030517578,1451800
2018-03-23,202.2899932861328,207.9900054931641,202.1699981689453,207.5,1332800
2018-03-26,207.8999938964844,208.3000030517578,204.77999877929688,205.07000732421875,1006900
2018-03-27,204.9199981689453,209.67999267578125,203.5,209.2100067138672,1044600
2018-03-28,205.11000061035156,208.77999877929688,204.1999969482422,204.63999938964844,783300
2018-03-29,204.27000427246097,207.8699951171875,203.30999755859375,206.0099945068359,1171100
2018-04-02,203.1300048828125,206.5500030517578,199.1499938964844,204.27999877929688,913100
2018-04-03,204.3800048828125,205.8800048828125,203.05999755859375,204.5099945068359,727300
2018-04-04,206.32000732421875,207.19000244140625,202.72999572753903,202.72999572753903,949600
2018-04-05,206.9199981689453,208.3699951171875,204.8699951171875,207.83999633789065,1036900
2018-04-06,208.2599945068359,213.30999755859375,205.47999572753903,206.30999755859375,1289000
2018-04-09,212.1499938964844,214.58999633789065,206.1699981689453,208.2899932861328,1253900
2018-04-10,221.05999755859375,221.72999572753903,216.6699981689453,217.5,1663100
2018-04-11,213.3000030517578,221.44000244140625,213.0,219.1999969482422,1205000
2018-04-12,217.80999755859375,218.77999877929688,212.38999938964844,214.1699981689453,1125500
2018-04-13,220.8800048828125,223.13999938964844,218.25,219.75,1368200
2018-04-16,227.92999267578125,230.58999633789065,224.3500061035156,226.67999267578125,1555200
2018-04-17,233.58999633789065,233.91000366210935,228.02000427246097,228.08999633789065,1261800
2018-04-18,233.0399932861328,237.8800048828125,231.11000061035156,233.88999938964844,1180200
2018-04-19,234.16000366210935,234.9600067138672,231.61000061035156,232.9900054931641,904400
2018-04-20,235.0500030517578,235.8800048828125,231.5800018310547,234.77000427246097,1090800
2018-04-23,238.6499938964844,240.0800018310547,235.3699951171875,236.19000244140625,1099500
2018-04-24,233.94000244140625,239.4199981689453,232.6699981689453,238.75,1207900
2018-04-25,236.1999969482422,238.33999633789065,234.38999938964844,234.82000732421875,695500
2018-04-26,243.61000061035156,244.6499938964844,236.36000061035156,237.61000061035156,928500
2018-04-27,248.80999755859375,249.5099945068359,242.3000030517578,243.58999633789065,1028900
2018-04-30,250.91000366210935,257.6300048828125,249.42999267578125,250.13999938964844,1228800
2018-05-01,250.6199951171875,254.33999633789065,248.4199981689453,252.05999755859375,922800
2018-05-02,248.4199981689453,250.52999877929688,243.66000366210935,248.91000366210935,780500
2018-05-03,246.8699951171875,247.97999572753903,242.6000061035156,246.4900054931641,595100
2018-05-04,253.7400054931641,255.3999938964844,245.17999267578125,246.1000061035156,917300
2018-05-07,253.07000732421875,257.239990234375,252.36000061035156,255.0,784500
2018-05-08,249.22999572753903,254.16000366210935,247.3800048828125,251.8500061035156,559100
2018-05-09,248.8999938964844,250.88999938964844,244.4600067138672,250.41000366210935,826300
2018-05-10,247.5,250.4499969482422,245.19000244140625,249.7899932861328,547700
2018-05-11,250.0,250.1199951171875,246.1000061035156,247.2599945068359,539300
2018-05-14,247.0399932861328,250.97999572753903,246.1999969482422,250.4900054931641,568000
2018-05-15,250.38999938964844,252.4900054931641,246.0099945068359,251.5,956100
2018-05-16,252.02000427246097,253.4900054931641,251.11000061035156,251.88999938964844,827300
2018-05-17,257.6000061035156,258.57000732421875,251.5,251.5,807700
2018-05-18,255.58999633789065,257.19000244140625,255.02000427246097,257.19000244140625,754500
2018-05-21,254.77000427246097,261.3999938964844,253.9499969482422,258.3500061035156,719400
2018-05-22,252.69000244140625,257.0299987792969,252.27000427246097,255.38999938964844,570100
2018-05-23,252.97000122070312,258.489990234375,251.47000122070312,252.07000732421875,931500
2018-05-24,251.72000122070312,253.22000122070312,245.4499969482422,252.4499969482422,906800
2018-05-25,251.0500030517578,255.38999938964844,250.0500030517578,253.72000122070312,815400
2018-05-29,253.69000244140625,254.1300048828125,248.25,249.44000244140625,874300
2018-05-30,253.47999572753903,256.3900146484375,250.2100067138672,255.42999267578125,1163600
2018-05-31,246.91000366210935,256.8900146484375,246.0099945068359,256.1400146484375,2348500
2018-06-01,245.1499938964844,251.97000122070312,234.80999755859375,235.9900054931641,3982100
2018-06-04,256.6000061035156,257.3299865722656,244.42999267578125,245.80999755859375,1481500
2018-06-05,253.92999267578125,254.97999572753903,249.44000244140625,252.44000244140625,1199100
2018-06-06,255.8500061035156,258.79998779296875,251.6999969482422,254.6000061035156,1049700
2018-06-07,256.9200134277344,259.6199951171875,252.0,255.5,1240200
2018-06-08,253.05999755859375,256.5899963378906,248.1300048828125,255.22999572753903,1100400
2018-06-11,251.83999633789065,254.2400054931641,250.52999877929688,253.30999755859375,779400
2018-06-12,248.2899932861328,252.7400054931641,247.4499969482422,251.27999877929688,1220700
2018-06-13,247.52000427246097,251.80999755859375,246.92999267578125,249.0,1262300
2018-06-14,246.6000061035156,247.77999877929688,243.67999267578125,247.6999969482422,1454000
2018-06-15,247.8800048828125,248.5399932861328,244.0800018310547,246.2100067138672,1157300
2018-06-18,247.2599945068359,249.7100067138672,245.91000366210935,245.9199981689453,772200
2018-06-19,246.2599945068359,248.55999755859375,242.7599945068359,246.44000244140625,955500
2018-06-20,251.27999877929688,252.5099945068359,246.41000366210935,248.0500030517578,971700
2018-06-21,250.3500061035156,252.0500030517578,247.52999877929688,250.1300048828125,636300
2018-06-22,249.7599945068359,251.92999267578125,247.8500061035156,251.52000427246097,760400
2018-06-25,241.61000061035156,248.4199981689453,239.36000061035156,248.4199981689453,1052500
2018-06-26,238.75,243.77000427246097,237.0800018310547,242.36000061035156,667000
2018-06-27,236.0500030517578,240.72000122070312,235.66000366210935,239.5,717200
2018-06-28,239.6699981689453,240.9199981689453,235.6199951171875,236.5,858500
2018-06-29,233.4600067138672,242.7100067138672,233.22000122070312,242.0500030517578,1012700
2018-07-02,232.5399932861328,232.7100067138672,228.3800048828125,231.1199951171875,979200
2018-07-03,235.27999877929688,235.8999938964844,233.32000732421875,233.8500061035156,476400
2018-07-05,237.86000061035156,237.8699951171875,232.8699951171875,235.80999755859375,874400
2018-07-06,242.61000061035156,244.19000244140625,237.8699951171875,238.0,1015300
2018-07-09,250.6999969482422,252.4199981689453,243.17999267578125,243.27999877929688,862300
2018-07-10,254.61000061035156,254.8800048828125,248.6199951171875,251.3300018310547,794800
2018-07-11,252.1999969482422,253.41000366210935,249.8000030517578,253.41000366210935,560500
2018-07-12,252.8699951171875,254.3000030517578,251.7100067138672,253.2100067138672,625100
2018-07-13,259.8699951171875,260.4200134277344,253.4499969482422,253.6300048828125,944800
2018-07-16,255.5,260.5,253.9499969482422,260.3299865722656,864800
2018-07-17,253.0800018310547,256.6700134277344,252.7100067138672,254.3500061035156,662000
2018-07-18,250.63999938964844,253.41000366210935,248.27999877929688,252.0800018310547,828100
2018-07-19,257.4100036621094,258.70001220703125,250.2400054931641,250.8699951171875,781200
2018-07-20,254.52000427246097,259.29998779296875,253.4600067138672,256.739990234375,639300
2018-07-23,255.0500030517578,257.4700012207031,252.92999267578125,254.5099945068359,549500
2018-07-24,249.2400054931641,255.52999877929688,245.77000427246097,255.2899932861328,752200
2018-07-25,253.38999938964844,254.1000061035156,248.0,249.2400054931641,726500
2018-07-26,251.8800048828125,257.4100036621094,251.1699981689453,254.02999877929688,429300
2018-07-27,249.9900054931641,253.80999755859375,248.66000366210935,251.38999938964844,488800
2018-07-30,243.5399932861328,249.27000427246097,242.19000244140625,247.88999938964844,623300
2018-07-31,244.38999938964844,246.42999267578125,243.66000366210935,245.02999877929688,484600
2018-08-01,238.0,245.66000366210935,237.7100067138672,243.9199981689453,717600
2018-08-02,234.80999755859375,236.3000030517578,229.6199951171875,233.6499938964844,1102100
2018-08-03,235.02000427246097,237.5099945068359,232.8999938964844,235.6000061035156,586400
2018-08-06,236.1000061035156,236.27999877929688,232.6300048828125,234.83999633789065,621700
2018-08-07,239.0500030517578,239.88999938964844,236.0099945068359,236.27000427246097,421200
2018-08-08,236.0,239.47000122070312,235.77000427246097,238.66000366210935,502900
2018-08-09,236.1499938964844,237.7400054931641,230.55999755859375,236.5099945068359,848400
2018-08-10,236.52000427246097,237.4900054931641,232.52000427246097,234.25,587200
2018-08-13,233.44000244140625,239.77000427246097,231.52999877929688,236.5,735500
2018-08-14,236.02000427246097,237.94000244140625,233.47000122070312,233.9499969482422,694700
2018-08-15,231.97999572753903,235.97999572753903,231.80999755859375,234.5,1053200
2018-08-16,233.1699981689453,235.61000061035156,232.47999572753903,233.8999938964844,806200
2018-08-17,235.0399932861328,235.47000122070312,231.66000366210935,234.42999267578125,718500
2018-08-20,239.32000732421875,239.7899932861328,235.80999755859375,236.0,669300
2018-08-21,242.17999267578125,243.82000732421875,239.32000732421875,239.8500061035156,748100
2018-08-22,234.6999969482422,241.7100067138672,233.1699981689453,240.05999755859375,938600
2018-08-23,239.3999938964844,240.52999877929688,234.6199951171875,236.11000061035156,813300
2018-08-24,241.6699981689453,242.07000732421875,237.6499938964844,240.1000061035156,719900
2018-08-27,240.83999633789065,245.1699981689453,239.63999938964844,242.0,789000
2018-08-28,242.47000122070312,245.3699951171875,239.44000244140625,241.6699981689453,784700
2018-08-29,241.72999572753903,242.9199981689453,240.16000366210935,241.77000427246097,986900
2018-08-30,244.41000366210935,246.2100067138672,240.57000732421875,240.72999572753903,1863900
2018-08-31,260.0,268.8800048828125,247.2100067138672,247.2100067138672,5311500
2018-09-04,274.3699951171875,274.9800109863281,258.2699890136719,260.0,2295300
2018-09-05,274.92999267578125,276.7799987792969,269.6300048828125,272.95001220703125,1512400
2018-09-06,275.6600036621094,276.5799865722656,270.1600036621094,274.989990234375,941200
2018-09-07,285.79998779296875,288.9700012207031,276.3500061035156,276.4100036621094,2241300
2018-09-10,285.9599914550781,287.44000244140625,284.2699890136719,287.05999755859375,985400
2018-09-11,286.7300109863281,290.29998779296875,283.1600036621094,285.44000244140625,1041500
2018-09-12,283.6300048828125,289.6499938964844,282.54998779296875,287.4100036621094,1229100
2018-09-13,280.5199890136719,284.989990234375,279.4700012207031,284.29998779296875,995500
2018-09-14,279.1000061035156,283.0,278.94000244140625,280.1099853515625,856500
2018-09-17,281.45001220703125,282.4100036621094,276.4100036621094,278.7099914550781,704000
2018-09-18,282.8699951171875,285.1000061035156,278.6700134277344,281.04998779296875,789300
2018-09-19,287.1600036621094,287.6099853515625,280.8999938964844,284.8699951171875,959200
2018-09-20,284.760009765625,289.1400146484375,284.2200012207031,288.1400146484375,1143200
2018-09-21,280.7699890136719,286.5299987792969,280.7300109863281,285.8299865722656,1144600
2018-09-24,280.989990234375,282.95001220703125,277.29998779296875,280.54998779296875,850400
2018-09-25,277.4599914550781,281.95001220703125,276.3500061035156,281.1000061035156,667300
2018-09-26,278.3299865722656,282.9200134277344,277.2200012207031,278.3900146484375,869100
2018-09-27,279.2799987792969,281.05999755859375,276.69000244140625,279.2099914550781,685800
2018-09-28,282.1199951171875,285.510009765625,278.95001220703125,278.9700012207031,763900
2018-10-01,282.9599914550781,285.239990234375,281.7699890136719,284.1199951171875,692600
2018-10-02,279.9700012207031,283.5799865722656,279.69000244140625,283.5799865722656,614500
2018-10-03,278.8699951171875,282.6199951171875,276.67999267578125,280.239990234375,528400
2018-10-04,275.0,281.9800109863281,272.6000061035156,277.7200012207031,650800
2018-10-05,269.8500061035156,274.70001220703125,265.0,273.7300109863281,1152300
2018-10-08,273.489990234375,275.8900146484375,270.1099853515625,270.3699951171875,670200
2018-10-09,275.67999267578125,278.0,272.6700134277344,274.32000732421875,703000
2018-10-10,268.1300048828125,275.7099914550781,267.80999755859375,275.2699890136719,774000
2018-10-11,267.57000732421875,274.32000732421875,264.7099914550781,268.760009765625,744500
2018-10-12,275.6400146484375,277.92999267578125,272.0,272.0799865722656,1033100
2018-10-15,281.7300109863281,285.010009765625,275.0799865722656,276.1499938964844,883000
2018-10-16,285.4100036621094,286.54998779296875,278.2300109863281,283.6600036621094,731200
2018-10-17,281.9200134277344,287.04998779296875,278.9599914550781,286.3299865722656,521600
2018-10-18,273.44000244140625,283.1700134277344,271.260009765625,280.6300048828125,847000
2018-10-19,270.7799987792969,277.8599853515625,270.6199951171875,275.5,977600
2018-10-22,274.6099853515625,275.1499938964844,270.92999267578125,271.9100036621094,1138300
2018-10-23,272.04998779296875,272.4200134277344,263.010009765625,270.5,959000
2018-10-24,267.0299987792969,275.25,266.7799987792969,271.7200012207031,794700
2018-10-25,272.239990234375,273.6099853515625,266.3399963378906,267.7300109863281,693300
2018-10-26,274.8900146484375,276.07000732421875,266.0,268.0199890136719,839600
2018-10-29,278.5,285.42999267578125,275.3999938964844,278.42999267578125,1015600
2018-10-30,266.989990234375,279.5299987792969,263.94000244140625,278.6000061035156,1455300
2018-10-31,274.5199890136719,277.6499938964844,271.4100036621094,271.4200134277344,939400
2018-11-01,272.95001220703125,277.7300109863281,272.2099914550781,275.8999938964844,703600
2018-11-02,281.95001220703125,282.239990234375,275.0400085449219,275.3599853515625,957200
2018-11-05,285.1300048828125,288.6499938964844,282.5400085449219,283.3399963378906,1134600
2018-11-06,291.7900085449219,292.3699951171875,285.3399963378906,286.20001220703125,1093000
2018-11-07,290.510009765625,297.760009765625,287.0,295.010009765625,1622000
2018-11-08,304.489990234375,308.8800048828125,275.1099853515625,281.760009765625,1955800
2018-11-09,308.1199951171875,312.20001220703125,302.1499938964844,303.70001220703125,1552000
2018-11-12,308.989990234375,312.3800048828125,305.5,308.5,1152500
2018-11-13,314.25,314.2900085449219,305.510009765625,308.8800048828125,802800
2018-11-14,313.1300048828125,321.7300109863281,309.0,315.1499938964844,1182300
2018-11-15,311.80999755859375,312.5199890136719,306.2300109863281,312.1300048828125,845800
2018-11-16,313.55999755859375,316.6400146484375,306.0199890136719,311.010009765625,838500
2018-11-19,313.2799987792969,322.489990234375,311.19000244140625,315.3800048828125,1031300
2018-11-20,302.1400146484375,310.25,301.010009765625,304.9700012207031,1135200
2018-11-21,303.760009765625,305.9800109863281,301.30999755859375,304.1499938964844,545300
2018-11-23,303.32000732421875,307.3800048828125,302.3299865722656,302.7699890136719,334600
2018-11-26,301.1099853515625,309.2200012207031,299.6000061035156,306.989990234375,1152700
2018-11-27,296.8299865722656,298.6300048828125,293.8800048828125,296.42999267578125,1546300
2018-11-28,295.1400146484375,302.2900085449219,292.57000732421875,299.19000244140625,1563700
2018-11-29,300.3699951171875,302.7099914550781,297.0199890136719,298.0,1097200
2018-11-30,297.7900085449219,301.95001220703125,296.4200134277344,300.04998779296875,971100
2018-12-03,306.489990234375,311.29998779296875,302.4700012207031,303.8800048828125,1384300
2018-12-04,291.1300048828125,308.3999938964844,289.2099914550781,304.7799987792969,1653500
2018-12-06,292.9200134277344,293.54998779296875,281.7799987792969,285.0,1745200
2018-12-07,254.47000122070312,276.1099853515625,252.0,271.45001220703125,4231000
2018-12-10,251.1000061035156,254.1000061035156,242.7400054931641,251.92999267578125,2690400
2018-12-11,247.86000061035156,256.92999267578125,246.55999755859375,255.0,1158800
2018-12-12,255.1499938964844,257.489990234375,248.5399932861328,251.4600067138672,1135100
2018-12-13,251.52000427246097,256.239990234375,250.52999877929688,255.72999572753903,817600
2018-12-14,246.8500061035156,251.67999267578125,246.0399932861328,249.1999969482422,910300
2018-12-17,241.9499969482422,248.5099945068359,240.5,245.55999755859375,892300
2018-12-18,240.91000366210935,248.9499969482422,237.5500030517578,244.86000061035156,1030000
2018-12-19,239.22999572753903,247.13999938964844,237.75,243.86000061035156,1267200
2018-12-20,234.0099945068359,241.1000061035156,230.2100067138672,237.8500061035156,1092400
2018-12-21,230.4900054931641,238.1499938964844,229.2599945068359,235.19000244140625,1695500
2018-12-24,229.05999755859375,234.2899932861328,224.42999267578125,228.6499938964844,660000
2018-12-26,242.1999969482422,242.4199981689453,229.4900054931641,230.7400054931641,1014100
2018-12-27,242.27000427246097,242.5,233.8500061035156,238.77000427246097,669600
2018-12-28,239.4499969482422,247.08999633789065,238.1699981689453,243.5,637000
2018-12-31,244.83999633789065,244.86000061035156,239.55999755859375,240.3500061035156,719800
2019-01-02,247.97000122070312,249.3999938964844,239.30999755859375,239.9600067138672,1055000
2019-01-03,243.36000061035156,247.0,240.1300048828125,245.8300018310547,868300
2019-01-04,255.02999877929688,258.4800109863281,246.0,247.0800018310547,864500
2019-01-07,271.0,271.1499938964844,256.9700012207031,256.9700012207031,1247700
2019-01-08,276.0,276.5,267.42999267578125,271.9200134277344,919700
2019-01-09,281.19000244140625,282.1000061035156,274.9200134277344,275.82000732421875,707400
2019-01-10,277.0299987792969,277.7099914550781,269.2900085449219,274.79998779296875,965400
2019-01-11,284.1099853515625,284.3800048828125,275.8699951171875,276.80999755859375,892100
2019-01-14,274.8999938964844,282.92999267578125,274.8900146484375,282.05999755859375,928100
2019-01-15,278.489990234375,280.5199890136719,273.30999755859375,274.9700012207031,570900
2019-01-16,282.010009765625,282.17999267578125,277.510009765625,277.760009765625,473000
2019-01-17,283.8999938964844,284.3399963378906,280.0,280.19000244140625,679700
2019-01-18,291.5,292.2200012207031,286.0799865722656,286.2799987792969,990500
2019-01-22,288.8500061035156,294.44000244140625,285.82000732421875,288.1000061035156,846100
2019-01-23,288.20001220703125,292.0299987792969,286.1300048828125,289.4100036621094,630800
2019-01-24,287.989990234375,289.70001220703125,286.1199951171875,289.6099853515625,353400
2019-01-25,290.7200012207031,293.6600036621094,287.6300048828125,291.1000061035156,570700
2019-01-28,290.2799987792969,291.5,286.3299865722656,291.0,554800
2019-01-29,288.82000732421875,290.3999938964844,286.1300048828125,290.3699951171875,516700
2019-01-30,288.6000061035156,290.989990234375,286.3999938964844,290.2799987792969,539000
2019-01-31,291.9200134277344,294.07000732421875,286.0400085449219,288.6600036621094,491600
2019-02-01,291.3599853515625,293.3900146484375,288.010009765625,292.3800048828125,519400
2019-02-04,289.0400085449219,289.760009765625,282.8999938964844,289.760009765625,765100
2019-02-05,294.0400085449219,296.55999755859375,288.67999267578125,290.5,998800
2019-02-06,293.45001220703125,295.95001220703125,288.04998779296875,293.57000732421875,506400
2019-02-07,293.6400146484375,294.57000732421875,288.0899963378906,291.17999267578125,463700
2019-02-08,296.05999755859375,296.4800109863281,289.25,291.5799865722656,782000
2019-02-11,298.1000061035156,302.3299865722656,296.25,296.25,668100
2019-02-12,302.5,305.0,300.7300109863281,301.2300109863281,535100
2019-02-13,303.95001220703125,304.8299865722656,299.7200012207031,304.1600036621094,622100
2019-02-14,305.0,307.5899963378906,300.9200134277344,302.67999267578125,1257900
2019-02-15,306.3599853515625,308.5199890136719,305.44000244140625,307.4200134277344,565300
2019-02-19,304.6499938964844,305.82000732421875,299.760009765625,304.1000061035156,1038300
2019-02-20,306.30999755859375,307.5,303.010009765625,304.6300048828125,527000
2019-02-21,308.0199890136719,309.70001220703125,304.1199951171875,306.2799987792969,671500
2019-02-22,310.7200012207031,310.92999267578125,308.0,309.6300048828125,580700
2019-02-25,309.04998779296875,313.6300048828125,308.0299987792969,311.5400085449219,546300
2019-02-26,310.0,311.0199890136719,308.17999267578125,308.6499938964844,508100
2019-02-27,307.1099853515625,309.4700012207031,305.1199951171875,307.4800109863281,642900
2019-02-28,312.489990234375,315.1600036621094,304.29998779296875,306.0199890136719,756400
2019-03-01,315.29998779296875,318.7799987792969,313.82000732421875,315.6099853515625,554000
2019-03-04,311.5,317.7799987792969,308.0299987792969,316.9700012207031,832700
2019-03-05,312.239990234375,314.29998779296875,310.29998779296875,312.9800109863281,963200
2019-03-06,312.510009765625,313.2099914550781,308.9800109863281,312.1099853515625,711400
2019-03-07,305.45001220703125,312.20001220703125,304.4800109863281,312.010009765625,877900
2019-03-08,306.3900146484375,306.989990234375,294.0,302.8699951171875,863800
2019-03-11,309.75,310.3399963378906,306.57000732421875,308.0,905900
2019-03-12,311.4100036621094,312.0,304.32000732421875,310.69000244140625,779100
2019-03-13,315.44000244140625,316.9800109863281,311.05999755859375,312.04998779296875,796800
2019-03-14,312.510009765625,315.7300109863281,311.6099853515625,315.7300109863281,1271200
2019-03-15,338.4100036621094,345.239990234375,327.0,327.9700012207031,3882900
2019-03-18,342.2200012207031,344.5299987792969,336.8699951171875,338.6000061035156,949600
2019-03-19,334.45001220703125,343.9200134277344,331.32000732421875,342.9700012207031,1461900
2019-03-20,330.7900085449219,337.5,330.510009765625,335.0,933900
2019-03-21,335.1300048828125,336.54998779296875,328.8299865722656,329.2200012207031,759100
2019-03-22,330.5199890136719,336.07000732421875,328.6300048828125,334.17999267578125,695000
2019-03-25,336.6700134277344,338.25,330.8800048828125,330.8800048828125,811900
2019-03-26,342.8999938964844,345.6300048828125,337.45001220703125,339.6199951171875,847900
2019-03-27,346.04998779296875,348.3999938964844,343.3399963378906,343.70001220703125,724600
2019-03-28,345.2300109863281,351.42999267578125,343.29998779296875,347.8900146484375,667500
2019-03-29,348.7300109863281,350.0,344.95001220703125,347.6000061035156,526500
2019-04-01,352.54998779296875,353.7799987792969,350.739990234375,351.5,582300
2019-04-02,347.29998779296875,354.0899963378906,346.5899963378906,353.3699951171875,514300
2019-04-03,350.5299987792969,354.44000244140625,347.6300048828125,349.4700012207031,507700
2019-04-04,350.1400146484375,352.5,347.75,350.5299987792969,397200
2019-04-05,353.6300048828125,354.17999267578125,348.739990234375,351.7300109863281,590400
2019-04-08,354.4700012207031,355.7300109863281,351.2900085449219,353.55999755859375,439700
2019-04-09,348.20001220703125,355.2799987792969,347.29998779296875,352.3599853515625,551700
2019-04-10,350.2799987792969,350.8500061035156,345.3800048828125,349.760009765625,532300
2019-04-11,350.2200012207031,351.8699951171875,348.0,350.8800048828125,708800
2019-04-12,344.8299865722656,351.8800048828125,344.2699890136719,350.6499938964844,559500
2019-04-15,353.94000244140625,354.6700134277344,345.989990234375,346.760009765625,678800
2019-04-16,355.0799865722656,356.79998779296875,349.45001220703125,354.7799987792969,682200
2019-04-17,354.3299865722656,359.69000244140625,353.92999267578125,355.0799865722656,525400
2019-04-18,350.8800048828125,359.1000061035156,350.25,356.6300048828125,568000
2019-04-22,347.4100036621094,351.4700012207031,344.260009765625,350.3299865722656,525800
2019-04-23,351.6300048828125,355.8599853515625,347.489990234375,347.7200012207031,556500
2019-04-24,355.8399963378906,357.9100036621094,351.3299865722656,351.3299865722656,444300
2019-04-25,353.70001220703125,355.3399963378906,348.5400085449219,355.32000732421875,397600
2019-04-26,357.94000244140625,358.44000244140625,350.010009765625,356.8599853515625,572000
2019-04-29,350.8999938964844,357.8999938964844,350.6499938964844,356.9700012207031,578700
2019-04-30,348.9800109863281,352.1600036621094,346.989990234375,351.1199951171875,736600
2019-05-01,334.94000244140625,348.3299865722656,334.6499938964844,347.80999755859375,1151300
2019-05-02,343.67999267578125,344.1099853515625,335.010009765625,335.010009765625,875400
2019-05-03,341.9599914550781,346.1199951171875,339.9800109863281,344.2699890136719,728400
2019-05-06,346.67999267578125,347.6099853515625,335.7799987792969,336.5299987792969,712100
2019-05-07,342.3599853515625,347.30999755859375,338.8900146484375,344.2900085449219,698100
2019-05-08,348.1499938964844,350.54998779296875,340.0299987792969,341.82000732421875,577200
2019-05-09,348.04998779296875,349.1300048828125,343.2799987792969,344.5199890136719,460600
2019-05-10,343.239990234375,347.010009765625,337.010009765625,347.010009765625,685600
2019-05-13,330.2300109863281,338.9800109863281,328.3399963378906,337.2099914550781,813500
2019-05-14,335.32000732421875,336.79998779296875,325.6199951171875,332.55999755859375,949200
2019-05-15,340.70001220703125,340.95001220703125,333.4700012207031,335.05999755859375,677900
2019-05-16,343.239990234375,348.4599914550781,341.30999755859375,341.30999755859375,512100
2019-05-17,342.45001220703125,349.55999755859375,342.1000061035156,342.5899963378906,573400
2019-05-20,347.8900146484375,348.30999755859375,339.0299987792969,340.5,829200
2019-05-21,353.1600036621094,354.5400085449219,347.8999938964844,348.6099853515625,545400
2019-05-22,349.0899963378906,354.6199951171875,348.8900146484375,351.79998779296875,466200
2019-05-23,337.8299865722656,347.1400146484375,336.07000732421875,347.0299987792969,1026800
2019-05-24,335.0899963378906,340.8399963378906,330.42999267578125,338.80999755859375,615100
2019-05-28,334.8500061035156,338.5,333.010009765625,336.2200012207031,1026300
2019-05-29,322.07000732421875,334.5899963378906,321.82000732421875,332.3699951171875,1033400
2019-05-30,328.4599914550781,334.0299987792969,321.17999267578125,327.6400146484375,1318000
2019-05-31,333.3800048828125,335.1300048828125,304.0400085449219,315.3299865722656,3197800
2019-06-03,330.6000061035156,337.3599853515625,327.8500061035156,333.8900146484375,1023700
2019-06-04,335.5299987792969,340.54998779296875,331.6000061035156,332.29998779296875,773500
2019-06-05,337.4800109863281,338.6400146484375,331.260009765625,338.010009765625,577200
2019-06-06,340.3299865722656,341.9599914550781,336.3800048828125,339.8500061035156,590700
2019-06-07,338.1600036621094,343.9599914550781,337.67999267578125,340.69000244140625,567300
2019-06-10,337.04998779296875,344.489990234375,335.6300048828125,339.1099853515625,561600
2019-06-11,340.010009765625,341.8900146484375,334.55999755859375,341.2200012207031,430900
2019-06-12,342.82000732421875,343.8800048828125,339.1400146484375,341.8800048828125,480800
2019-06-13,349.80999755859375,350.20001220703125,343.6199951171875,344.6199951171875,731900
2019-06-14,354.6199951171875,355.6099853515625,349.0299987792969,349.3399963378906,905100
2019-06-17,350.19000244140625,357.5400085449219,349.55999755859375,355.6099853515625,605400
2019-06-18,347.2099914550781,354.0899963378906,345.8999938964844,352.5799865722656,617800
2019-06-19,357.8399963378906,358.42999267578125,343.6300048828125,346.7699890136719,564900
2019-06-20,358.3399963378906,365.5400085449219,355.1700134277344,360.4200134277344,743500
2019-06-21,355.80999755859375,360.4700012207031,355.2799987792969,359.2799987792969,730100
2019-06-24,346.5400085449219,358.69000244140625,340.260009765625,357.7300109863281,1684700
2019-06-25,348.69000244140625,348.9200134277344,340.8699951171875,345.0,640700
2019-06-26,344.82000732421875,352.6499938964844,344.2699890136719,350.5799865722656,561800
2019-06-27,344.2200012207031,347.42999267578125,339.5299987792969,346.5,619500
2019-06-28,346.8900146484375,347.3800048828125,343.8900146484375,345.94000244140625,784300
2019-07-01,340.3800048828125,353.760009765625,339.8800048828125,350.54998779296875,793700
2019-07-02,341.3299865722656,345.7799987792969,338.25,340.760009765625,590600
2019-07-03,345.42999267578125,346.0,341.2099914550781,343.6499938964844,330000
2019-07-05,344.95001220703125,348.489990234375,343.3299865722656,343.3299865722656,481300
2019-07-08,352.69000244140625,353.0799865722656,343.6099853515625,343.6099853515625,622700
2019-07-09,348.4800109863281,353.19000244140625,347.0,351.20001220703125,729100
2019-07-10,347.20001220703125,349.9100036621094,342.7799987792969,349.3800048828125,595600
2019-07-11,346.9800109863281,349.95001220703125,346.1600036621094,348.0,537200
2019-07-12,356.3900146484375,357.2799987792969,347.2699890136719,348.0,651400
2019-07-15,355.67999267578125,361.2699890136719,354.29998779296875,356.9700012207031,741700
2019-07-16,360.5400085449219,361.8500061035156,355.6099853515625,356.57000732421875,1409500
2019-07-17,366.3900146484375,368.8299865722656,361.5199890136719,361.5199890136719,713600
2019-07-18,366.2099914550781,368.7200012207031,363.5499877929687,363.5499877929687,504800
2019-07-19,357.0,367.010009765625,356.45001220703125,365.19000244140625,574600
2019-07-22,352.95001220703125,359.79998779296875,351.0899963378906,357.7900085449219,549900
2019-07-23,351.989990234375,354.1099853515625,349.9800109863281,354.0,648400
2019-07-24,352.94000244140625,353.1700134277344,348.75,351.989990234375,532100
2019-07-25,354.6199951171875,359.739990234375,352.0,353.7300109863281,486900
2019-07-26,353.8800048828125,356.04998779296875,349.55999755859375,355.7200012207031,497600
2019-07-29,346.1300048828125,353.20001220703125,341.3999938964844,352.6700134277344,815700
2019-07-30,348.6300048828125,350.45001220703125,342.1499938964844,345.0299987792969,577500
2019-07-31,349.25,354.0,344.3699951171875,347.6199951171875,521300
2019-08-01,345.510009765625,352.0799865722656,341.8999938964844,348.7300109863281,683900
2019-08-02,337.0199890136719,348.57000732421875,334.1600036621094,346.239990234375,811100
2019-08-05,330.1400146484375,331.9800109863281,326.3399963378906,331.9800109863281,728400
2019-08-06,340.2799987792969,340.95001220703125,329.0,330.3699951171875,688200
2019-08-07,343.67999267578125,344.3599853515625,336.70001220703125,337.2200012207031,756100
2019-08-08,353.0400085449219,355.3599853515625,344.760009765625,345.17999267578125,588200
2019-08-09,346.70001220703125,353.3999938964844,345.0,351.489990234375,522700
2019-08-12,336.510009765625,345.9100036621094,332.67999267578125,345.9100036621094,759200
2019-08-13,341.20001220703125,348.32000732421875,333.3299865722656,334.30999755859375,571800
2019-08-14,321.0,332.20001220703125,320.1700134277344,330.05999755859375,1249300
2019-08-15,320.44000244140625,324.8699951171875,315.489990234375,320.739990234375,989200
2019-08-16,322.0299987792969,327.8900146484375,319.260009765625,323.5199890136719,564200
2019-08-19,325.25,328.7699890136719,322.45001220703125,327.42999267578125,807100
2019-08-20,323.0799865722656,328.2799987792969,320.510009765625,325.1700134277344,475800
2019-08-21,328.1199951171875,331.489990234375,326.80999755859375,327.239990234375,521100
2019-08-22,334.8599853515625,338.5,328.5400085449219,328.5400085449219,753000
2019-08-23,322.1000061035156,332.3699951171875,321.239990234375,330.6400146484375,1098500
2019-08-26,330.2200012207031,331.989990234375,324.5400085449219,327.0,1008600
2019-08-27,323.7699890136719,334.79998779296875,323.6000061035156,333.1600036621094,1000700
2019-08-28,330.3800048828125,331.45001220703125,321.1600036621094,323.7699890136719,753400
2019-08-29,337.45001220703125,342.0,333.0899963378906,337.5,2707400
2019-08-30,237.72999572753903,254.5,235.7599945068359,252.80999755859375,16029100
2019-09-03,237.41000366210935,244.2100067138672,231.02000427246097,234.0500030517578,5428100
2019-09-04,228.7599945068359,239.86000061035156,228.1999969482422,238.0,4016900
2019-09-05,236.7100067138672,237.8500061035156,227.7100067138672,229.02999877929688,3260700
2019-09-06,233.1000061035156,239.2400054931641,233.02999877929688,237.83999633789065,2026000
2019-09-09,226.16000366210935,234.1699981689453,226.02999877929688,233.7400054931641,2181300
2019-09-10,231.4199981689453,233.1699981689453,225.27999877929688,225.5,2241500
2019-09-11,228.1499938964844,233.8800048828125,227.2599945068359,231.67999267578125,1496700
2019-09-12,226.16000366210935,229.36000061035156,225.1199951171875,229.05999755859375,1872500
2019-09-13,226.86000061035156,227.9499969482422,225.52999877929688,227.6000061035156,1127000
2019-09-16,225.4499969482422,230.1199951171875,224.66000366210935,226.2599945068359,1361700
2019-09-17,233.8500061035156,235.08999633789065,225.1499938964844,225.69000244140625,2201600
2019-09-18,229.33999633789065,233.7400054931641,227.3800048828125,233.7400054931641,1678500
2019-09-19,230.07000732421875,232.6999969482422,228.61000061035156,229.6000061035156,1103200
2019-09-20,228.75,232.2599945068359,227.6499938964844,229.7899932861328,1947000
2019-09-23,237.30999755859375,239.9199981689453,229.27000427246097,229.5500030517578,2358300
2019-09-24,239.47999572753903,241.3000030517578,235.2899932861328,237.88999938964844,2321800
2019-09-25,235.5399932861328,239.42999267578125,233.27999877929688,238.75,1417300
2019-09-26,236.30999755859375,238.52999877929688,234.75,236.3999938964844,1188200
2019-09-27,244.3999938964844,246.4600067138672,237.3999938964844,238.13999938964844,2086000
2019-09-30,250.6499938964844,251.7599945068359,245.0,245.5800018310547,2313000
2019-10-01,265.989990234375,267.25,253.0099945068359,253.4499969482422,4303500
2019-10-02,262.7900085449219,264.0,256.8900146484375,263.30999755859375,2309400
2019-10-03,257.42999267578125,265.2099914550781,250.6499938964844,263.3699951171875,2242300
2019-10-04,250.6000061035156,258.0899963378906,250.2599945068359,257.7099914550781,1713600
2019-10-07,242.75,250.97999572753903,242.32000732421875,250.25,2291100
2019-10-08,237.02999877929688,240.9900054931641,235.1999969482422,240.05999755859375,3518800
2019-10-09,238.0399932861328,240.6699981689453,235.6699981689453,238.13999938964844,1482600
2019-10-10,241.75,242.3000030517578,237.02000427246097,237.6499938964844,1134300
2019-10-11,248.4600067138672,249.5500030517578,244.1199951171875,245.41000366210935,1241800
2019-10-14,246.57000732421875,249.38999938964844,245.8000030517578,247.07000732421875,763300
2019-10-15,245.3999938964844,249.19000244140625,244.25,247.0099945068359,720400
2019-10-16,244.97999572753903,247.72999572753903,243.5099945068359,245.7100067138672,722500
2019-10-17,248.1000061035156,251.6699981689453,244.97000122070312,244.97000122070312,1152100
2019-10-18,239.9199981689453,247.2400054931641,239.8000030517578,246.8000030517578,1313200
2019-10-21,235.3000030517578,241.0399932861328,235.2400054931641,240.57000732421875,1673400
2019-10-22,236.91000366210935,240.3800048828125,236.2599945068359,236.2599945068359,989100
2019-10-23,237.8699951171875,238.2400054931641,231.0800018310547,237.41000366210935,951800
2019-10-24,238.92999267578125,240.8500061035156,236.27000427246097,237.77000427246097,885900
2019-10-25,240.8999938964844,242.47999572753903,237.72999572753903,238.3800048828125,655700
2019-10-28,241.7400054931641,246.6000061035156,240.0,240.0,1159800
2019-10-29,242.11000061035156,243.97999572753903,237.3699951171875,242.0800018310547,898300
2019-10-30,240.25,241.77000427246097,238.17999267578125,241.7599945068359,587000
2019-10-31,233.1499938964844,240.25,229.7899932861328,239.9600067138672,2429800
2019-11-01,233.11000061035156,235.47000122070312,232.8999938964844,235.16000366210935,1528200
2019-11-04,237.19000244140625,237.5800018310547,232.08999633789065,233.9499969482422,1881300
2019-11-05,245.4199981689453,247.63999938964844,237.5099945068359,237.5099945068359,1509100
2019-11-06,243.9900054931641,246.75,241.3500061035156,246.11000061035156,619500
2019-11-07,243.77000427246097,248.8800048828125,243.4499969482422,246.58999633789065,760900
2019-11-08,239.2899932861328,243.1999969482422,238.3000030517578,242.22999572753903,849600
2019-11-11,241.9600067138672,243.67999267578125,238.77999877929688,238.77999877929688,606900
2019-11-12,243.97000122070312,246.1000061035156,239.7400054931641,241.16000366210935,865400
2019-11-13,244.0399932861328,245.13999938964844,238.63999938964844,241.9900054931641,578600
2019-11-14,242.8699951171875,245.66000366210935,241.3500061035156,244.9499969482422,709400
2019-11-15,246.3000030517578,246.72999572753903,240.1300048828125,243.13999938964844,869600
2019-11-18,244.3300018310547,245.9900054931641,242.7599945068359,245.47000122070312,807100
2019-11-19,239.6000061035156,243.8500061035156,238.27999877929688,243.7899932861328,1107500
2019-11-20,234.2899932861328,236.9499969482422,231.97000122070312,236.8300018310547,1754100
2019-11-21,228.4900054931641,237.63999938964844,226.7100067138672,234.3500061035156,2381500
2019-11-22,228.86000061035156,231.9499969482422,227.1300048828125,229.0,1840100
2019-11-25,231.2100067138672,231.5099945068359,222.0,227.80999755859375,2186000
2019-11-26,235.97000122070312,236.8500061035156,231.1300048828125,231.1300048828125,1539100
2019-11-27,233.97999572753903,242.42999267578125,233.47999572753903,237.47000122070312,1405000
2019-11-29,233.86000061035156,236.5099945068359,232.82000732421875,234.36000061035156,661100
2019-12-02,236.27000427246097,237.19000244140625,232.6199951171875,233.3699951171875,1104500
2019-12-03,237.1000061035156,238.11000061035156,234.2599945068359,235.2400054931641,1116500
2019-12-04,239.42999267578125,242.4499969482422,237.5099945068359,238.4900054931641,1354300
2019-12-05,236.02000427246097,244.27999877929688,234.69000244140625,241.1000061035156,2806700
2019-12-06,262.20001220703125,269.8900146484375,254.3999938964844,256.8599853515625,6788500
2019-12-09,252.63999938964844,260.8399963378906,252.52000427246097,260.3900146484375,2728100
2019-12-10,250.3699951171875,252.72999572753903,248.5800018310547,251.6999969482422,1739800
2019-12-11,251.63999938964844,251.7899932861328,245.9199981689453,250.27000427246097,1170900
2019-12-12,258.8699951171875,259.6199951171875,250.91000366210935,252.5099945068359,1208700
2019-12-13,253.5,260.2200012207031,253.3999938964844,259.3999938964844,993000
2019-12-16,249.1000061035156,255.83999633789065,248.3500061035156,254.52999877929688,1025400
2019-12-17,255.9600067138672,256.0799865722656,248.8000030517578,249.0,1042500
2019-12-18,250.07000732421875,256.489990234375,249.0,256.2200012207031,1319700
2019-12-19,250.69000244140625,251.8800048828125,247.0500030517578,251.4199981689453,1126100
2019-12-20,250.5,251.17999267578125,247.55999755859375,251.17999267578125,1983600
2019-12-23,253.02000427246097,253.5500030517578,250.83999633789065,252.0500030517578,996600
2019-12-24,252.4900054931641,257.69000244140625,252.22000122070312,253.22000122070312,534400
2019-12-26,251.3300018310547,255.4900054931641,248.77999877929688,253.0,776800
2019-12-27,253.1699981689453,255.6199951171875,251.75,252.6199951171875,744500
2019-12-30,251.3500061035156,254.0500030517578,249.7100067138672,253.17999267578125,652900
2019-12-31,253.13999938964844,253.6999969482422,250.30999755859375,251.2899932861328,773800
2020-01-02,254.5500030517578,254.8300018310547,250.6499938964844,254.32000732421875,1182300
2020-01-03,250.1699981689453,252.47999572753903,249.22000122070312,252.27999877929688,921300
2020-01-06,250.9499969482422,251.08999633789065,246.7400054931641,248.7100067138672,880500
2020-01-07,253.08999633789065,254.83999633789065,250.0099945068359,250.41000366210935,1157500
2020-01-08,258.0,259.17999267578125,252.4499969482422,252.4499969482422,1123400
2020-01-09,263.5,266.32000732421875,259.3999938964844,259.6700134277344,1580100
2020-01-10,267.2799987792969,267.29998779296875,262.44000244140625,264.17999267578125,1453900
2020-01-13,275.70001220703125,279.45001220703125,269.04998779296875,269.239990234375,1893900
2020-01-14,282.6199951171875,283.1600036621094,276.1700134277344,276.3500061035156,1479900
2020-01-15,276.20001220703125,284.05999755859375,275.79998779296875,282.6300048828125,1469100
2020-01-16,277.0,280.1600036621094,276.3500061035156,277.989990234375,715300
2020-01-17,272.8900146484375,278.19000244140625,271.17999267578125,278.0,805500
2020-01-21,272.010009765625,276.8399963378906,269.75,272.8900146484375,1093900
2020-01-22,273.9700012207031,276.19000244140625,272.5,273.3800048828125,1068300
2020-01-23,272.20001220703125,274.3900146484375,268.92999267578125,273.7300109863281,904400
2020-01-24,272.9800109863281,275.239990234375,270.8699951171875,272.260009765625,786300
2020-01-27,273.70001220703125,276.510009765625,266.2099914550781,267.3599853515625,837800
2020-01-28,273.8699951171875,277.260009765625,271.7799987792969,275.0,636100
2020-01-29,273.9800109863281,275.69000244140625,271.1099853515625,274.5,477000
2020-01-30,274.489990234375,275.0,270.1499938964844,270.54998779296875,621400
2020-01-31,267.9100036621094,274.2699890136719,266.739990234375,274.2699890136719,730800
2020-02-03,274.9599914550781,280.0,272.1600036621094,273.0,947900
2020-02-04,273.5199890136719,279.8800048828125,272.8599853515625,277.5199890136719,961700
2020-02-05,278.17999267578125,280.05999755859375,274.44000244140625,275.54998779296875,687500
2020-02-06,293.04998779296875,293.3900146484375,279.510009765625,279.80999755859375,1600100
2020-02-07,295.9599914550781,297.3399963378906,290.25,292.1600036621094,1277800
2020-02-10,293.25,297.4200134277344,291.7300109863281,295.0,767600
2020-02-11,293.7799987792969,295.3800048828125,290.0299987792969,294.8900146484375,687900
2020-02-12,299.29998779296875,304.6499938964844,294.0,294.1600036621094,920500
2020-02-13,297.0899963378906,300.989990234375,295.5,298.0299987792969,594700
2020-02-14,294.57000732421875,299.0299987792969,293.44000244140625,297.29998779296875,450000
2020-02-18,298.7099914550781,300.04998779296875,294.19000244140625,295.4599914550781,518300
2020-02-19,296.8599853515625,300.95001220703125,296.7099914550781,299.8999938964844,447000
2020-02-20,301.3399963378906,301.9800109863281,294.30999755859375,296.04998779296875,641900
2020-02-21,299.3999938964844,302.8900146484375,298.0,299.760009765625,661700
2020-02-24,285.57000732421875,294.7300109863281,283.5899963378906,290.1499938964844,886000
2020-02-25,277.989990234375,288.75,277.1499938964844,287.5299987792969,974300
2020-02-26,272.760009765625,280.70001220703125,272.3500061035156,279.8699951171875,771500
2020-02-27,265.3800048828125,271.8399963378906,261.8800048828125,266.70001220703125,1047700
2020-02-28,257.0899963378906,262.4700012207031,252.08999633789065,257.5199890136719,1407200
2020-03-02,260.989990234375,261.0,249.0099945068359,256.3500061035156,1148500
2020-03-03,256.70001220703125,267.0,255.67999267578125,259.3299865722656,1062800
2020-03-04,268.8399963378906,269.29998779296875,258.760009765625,260.32000732421875,913200
2020-03-05,257.1400146484375,263.6700134277344,252.97000122070312,260.9599914550781,1096700
2020-03-06,256.5799865722656,258.0899963378906,248.1499938964844,252.41000366210935,1230300
2020-03-09,235.6999969482422,244.13999938964844,230.0,237.44000244140625,1823500
2020-03-10,239.05999755859375,248.52000427246097,224.30999755859375,245.7100067138672,1074400
2020-03-11,221.2100067138672,234.61000061035156,218.3999938964844,232.57000732421875,1416500
2020-03-12,198.5399932861328,214.13999938964844,190.8300018310547,198.9199981689453,2371300
2020-03-13,207.05999755859375,229.25,193.6499938964844,227.19000244140625,2502700
2020-03-16,161.5399932861328,187.9900054931641,160.0,183.02000427246097,1936500
2020-03-17,154.60000610351562,164.8300018310547,141.27000427246094,164.16000366210938,2258300
2020-03-18,128.52000427246094,149.05999755859375,124.0500030517578,144.72000122070312,2367200
2020-03-19,146.99000549316406,153.64999389648438,124.33000183105467,128.80999755859375,2638300
2020-03-20,148.05999755859375,164.9499969482422,143.89999389648438,156.35000610351562,3077400
2020-03-23,143.24000549316406,155.0,140.33999633789062,149.4499969482422,1596500
2020-03-24,177.58999633789062,179.14999389648438,154.0500030517578,157.97999572753906,2001500
2020-03-25,191.8800048828125,201.3000030517578,180.0,180.0,2198900
2020-03-26,188.8300018310547,201.75,184.55999755859375,194.8699951171875,1944300
2020-03-27,174.4499969482422,182.30999755859375,171.47000122070312,178.00999450683594,1600200
2020-03-30,179.7100067138672,182.67999267578125,166.60000610351562,179.50999450683594,1223600
2020-03-31,175.6999969482422,181.0,174.00999450683594,175.2899932861328,1073800
2020-04-01,161.5,172.72999572753906,159.86000061035156,167.94000244140625,1177500
2020-04-02,161.35000610351562,164.8000030517578,153.2899932861328,158.75999450683594,1233400
2020-04-03,156.74000549316406,163.42999267578125,154.9600067138672,160.33999633789062,1269300
2020-04-06,188.67999267578125,189.7899932861328,168.11000061035156,168.11000061035156,1933300
2020-04-07,187.5500030517578,210.0,185.1499938964844,204.91000366210935,1870100
2020-04-08,200.57000732421875,202.75,187.4900054931641,189.25,1933200
2020-04-09,202.47999572753903,215.5500030517578,199.0099945068359,210.0,1470200
2020-04-13,202.6000061035156,203.52999877929688,195.4900054931641,202.75,999500
2020-04-14,205.0,210.94000244140625,203.3000030517578,206.27000427246097,1003500
2020-04-15,201.52000427246097,202.0,194.3300018310547,195.5800018310547,972000
2020-04-16,208.9199981689453,209.7400054931641,201.4900054931641,204.7599945068359,1026000
2020-04-17,215.5099945068359,222.94000244140625,208.2599945068359,220.8000030517578,1095200
2020-04-20,208.07000732421875,213.02999877929688,207.0,209.19000244140625,896100
2020-04-21,201.57000732421875,206.02000427246097,200.1000061035156,201.0,842400
2020-04-22,208.7100067138672,210.75,203.5,205.52000427246097,731100
2020-04-23,210.67999267578125,217.77000427246097,210.22999572753903,210.55999755859375,775200
2020-04-24,210.52000427246097,212.9600067138672,203.05999755859375,211.0800018310547,1292600
2020-04-27,208.08999633789065,214.27000427246097,207.3300018310547,212.8999938964844,818400
2020-04-28,218.67999267578125,221.61000061035156,210.66000366210935,212.3000030517578,1197000
2020-04-29,226.16000366210935,230.6699981689453,223.0099945068359,224.0,1108100
2020-04-30,217.9199981689453,226.3500061035156,216.4199981689453,220.7400054931641,960600
2020-05-01,214.27999877929688,217.82000732421875,209.1199951171875,212.8999938964844,581800
2020-05-04,215.47999572753903,216.02000427246097,206.6000061035156,211.67999267578125,976700
2020-05-05,218.2100067138672,220.8000030517578,216.0,219.22000122070312,770300
2020-05-06,218.27000427246097,221.8800048828125,217.47999572753903,220.6499938964844,488300
2020-05-07,222.16000366210935,226.7599945068359,221.3699951171875,222.27999877929688,661400
2020-05-08,230.07000732421875,230.3699951171875,223.44000244140625,225.63999938964844,635000
2020-05-11,230.36000061035156,234.6000061035156,226.69000244140625,227.47000122070312,737900
2020-05-12,211.8999938964844,228.6499938964844,211.5800018310547,228.6499938964844,1589700
2020-05-13,197.61000061035156,212.0,195.05999755859375,211.9199981689453,1953800
2020-05-14,200.97000122070312,201.80999755859375,188.1000061035156,194.0,1563700
2020-05-15,200.4499969482422,205.4499969482422,197.5099945068359,199.77000427246097,1121600
2020-05-18,212.57000732421875,218.4600067138672,210.6000061035156,210.6000061035156,1198700
2020-05-19,210.22000122070312,213.0099945068359,204.3300018310547,213.0099945068359,970800
2020-05-20,213.47999572753903,215.2599945068359,210.0,213.0,975300
2020-05-21,222.7599945068359,224.47999572753903,210.7400054931641,213.36000061035156,1869400
2020-05-22,220.6199951171875,223.63999938964844,216.2899932861328,223.2899932861328,1052000
2020-05-26,237.97999572753903,239.08999633789065,228.41000366210935,230.36000061035156,1784100
2020-05-27,251.6300048828125,252.3800048828125,239.2599945068359,244.42999267578125,1640500
2020-05-28,243.30999755859375,252.88999938964844,241.0,251.66000366210935,1652800
2020-05-29,244.0099945068359,246.41000366210935,231.5099945068359,240.61000061035156,2620900
2020-06-01,239.08999633789065,250.57000732421875,236.0099945068359,246.4900054931641,1461900
2020-06-02,241.22000122070312,242.9499969482422,237.0500030517578,242.16000366210935,1334100
2020-06-03,252.3000030517578,254.3699951171875,242.0,244.47000122070312,1112300
2020-06-04,247.97999572753903,255.8300018310547,244.27999877929688,250.5,1456600
2020-06-05,252.0800018310547,258.17999267578125,249.7400054931641,256.8599853515625,1189000
2020-06-08,254.57000732421875,256.7900085449219,250.44000244140625,255.91000366210935,1018000
2020-06-09,244.67999267578125,249.0,244.17999267578125,248.44000244140625,724500
2020-06-10,238.41000366210935,246.83999633789065,236.47000122070312,245.6699981689453,1043500
2020-06-11,225.8800048828125,230.77999877929688,223.05999755859375,225.27999877929688,1408700
2020-06-12,226.6300048828125,236.30999755859375,222.5800018310547,232.3999938964844,1001000
2020-06-15,225.4900054931641,225.8000030517578,214.5,218.7100067138672,1051500
2020-06-16,225.8999938964844,236.16000366210935,225.0,235.0,1207900
2020-06-17,223.6499938964844,229.83999633789065,222.4199981689453,226.8699951171875,1235400
2020-06-18,218.97000122070312,224.08999633789065,217.5099945068359,221.57000732421875,1071300
2020-06-19,212.19000244140625,229.3000030517578,208.5099945068359,227.6199951171875,2438500
2020-06-22,205.4900054931641,214.11000061035156,205.0800018310547,214.0,1770500
2020-06-23,206.6999969482422,209.77000427246097,205.69000244140625,208.2400054931641,1624900
2020-06-24,200.0,206.42999267578125,194.1199951171875,205.0,2011000
2020-06-25,194.1999969482422,198.8000030517578,191.66000366210935,198.3300018310547,2081200
2020-06-26,189.9900054931641,193.9600067138672,188.8999938964844,193.6300048828125,2182400
2020-06-29,198.6300048828125,200.3300018310547,186.0099945068359,191.0,1967100
2020-06-30,203.4199981689453,204.1499938964844,196.1000061035156,198.5,1461000
2020-07-01,203.57000732421875,209.8500061035156,200.8300018310547,202.6199951171875,1223300
2020-07-02,203.58999633789065,208.42999267578125,202.1000061035156,207.83999633789065,789600
2020-07-06,209.0,209.42999267578125,204.3300018310547,207.1499938964844,985700
2020-07-07,202.92999267578125,206.8300018310547,201.19000244140625,205.61000061035156,974800
2020-07-08,202.02000427246097,204.42999267578125,199.3000030517578,202.3000030517578,999800
2020-07-09,192.3000030517578,202.13999938964844,191.08999633789065,201.9499969482422,1257200
2020-07-10,195.9900054931641,196.52999877929688,191.83999633789065,193.1300048828125,1641500
2020-07-13,192.7100067138672,199.36000061035156,192.4600067138672,197.8800048828125,1236800
2020-07-14,191.94000244140625,193.33999633789065,186.97999572753903,191.8000030517578,1410700
2020-07-15,203.80999755859375,205.2400054931641,197.75,199.0500030517578,1331300
2020-07-16,203.17999267578125,203.8300018310547,200.3699951171875,200.3800048828125,830400
2020-07-17,203.0,206.5,201.8999938964844,203.07000732421875,734100
2020-07-20,200.05999755859375,202.3999938964844,196.0,202.1300048828125,742600
2020-07-21,201.9600067138672,207.8500061035156,196.25,198.0,1273700
2020-07-22,205.44000244140625,206.07000732421875,200.58999633789065,201.42999267578125,749700
2020-07-23,205.63999938964844,209.1699981689453,203.1199951171875,204.6199951171875,944800
2020-07-24,203.7100067138672,206.32000732421875,202.4499969482422,204.4900054931641,645900
2020-07-27,198.83999633789065,202.5399932861328,195.77000427246097,202.25,1253700
2020-07-28,197.55999755859375,202.16000366210935,197.17999267578125,198.75,595100
2020-07-29,203.02000427246097,205.5,198.52999877929688,198.91000366210935,720200
2020-07-30,198.61000061035156,200.77000427246097,196.2100067138672,200.2599945068359,938600
2020-07-31,192.9900054931641,199.27000427246097,190.83999633789065,198.52999877929688,1306900
2020-08-03,191.2899932861328,193.69000244140625,188.17999267578125,193.13999938964844,1238500
2020-08-04,198.4900054931641,199.11000061035156,191.2899932861328,191.5800018310547,1099400
2020-08-05,201.9600067138672,203.3000030517578,198.11000061035156,199.8800048828125,913400
2020-08-06,204.0099945068359,206.6000061035156,200.8500061035156,200.8500061035156,816800
2020-08-07,203.8800048828125,204.3699951171875,201.41000366210935,204.0,564400
2020-08-10,219.1199951171875,220.4499969482422,205.02000427246097,205.36000061035156,1666000
2020-08-11,216.19000244140625,226.36000061035156,214.6699981689453,221.92999267578125,1148900
2020-08-12,217.77999877929688,218.72000122070312,212.3300018310547,217.83999633789065,584200
2020-08-13,222.4199981689453,223.11000061035156,215.52999877929688,215.52999877929688,739500
2020-08-14,225.4199981689453,226.58999633789065,219.1300048828125,222.52000427246097,734500
2020-08-17,224.0800018310547,229.0,220.44000244140625,226.42999267578125,701200
2020-08-18,216.2400054931641,223.5800018310547,215.7899932861328,222.8699951171875,927100
2020-08-19,213.36000061035156,218.3699951171875,212.1699981689453,215.2400054931641,845900
2020-08-20,205.3999938964844,210.0099945068359,203.8999938964844,208.5,1344900
2020-08-21,214.0,215.1999969482422,203.9900054931641,204.38999938964844,1456400
2020-08-24,222.5,222.5,210.47999572753903,214.94000244140625,1195400
2020-08-25,219.77999877929688,224.0,217.5,223.27000427246097,870300
2020-08-26,220.7599945068359,223.4900054931641,216.05999755859375,219.02000427246097,1023300
2020-08-27,223.9499969482422,226.13999938964844,219.61000061035156,222.4900054931641,2733000
2020-08-28,237.02000427246097,256.6000061035156,234.5500030517578,253.9499969482422,6579300
2020-08-31,232.17999267578125,237.6999969482422,230.8000030517578,235.1999969482422,1307600
2020-09-01,232.8800048828125,233.1000061035156,227.82000732421875,230.52999877929688,1111200
2020-09-02,237.66000366210935,238.13999938964844,230.0,233.61000061035156,904200
2020-09-03,238.0399932861328,242.5800018310547,234.72999572753903,237.97999572753903,973400
2020-09-04,240.5099945068359,244.0,236.22999572753903,239.3300018310547,1142500
2020-09-08,233.25,239.72000122070312,233.02999877929688,234.1699981689453,976200
2020-09-09,235.3999938964844,237.1300048828125,232.1999969482422,233.72000122070312,990300
2020-09-10,232.1000061035156,242.8999938964844,231.58999633789065,239.27000427246097,897600
2020-09-11,228.8999938964844,233.97000122070312,223.3999938964844,233.42999267578125,867300
2020-09-14,234.13999938964844,234.6300048828125,230.19000244140625,231.0,796900
2020-09-15,237.32000732421875,241.22999572753903,235.86000061035156,236.11000061035156,745600
2020-09-16,239.94000244140625,244.0,233.25,238.72000122070312,1012700
2020-09-17,234.72999572753903,238.8999938964844,232.5099945068359,235.9199981689453,803400
2020-09-18,231.7400054931641,238.6300048828125,230.07000732421875,236.7400054931641,982500
2020-09-21,225.8800048828125,227.0800018310547,220.52999877929688,226.7899932861328,900500
2020-09-22,223.9600067138672,230.5,222.1000061035156,227.1999969482422,701900
2020-09-23,217.0399932861328,228.13999938964844,216.17999267578125,224.1499938964844,810700
2020-09-24,215.58999633789065,221.8699951171875,212.05999755859375,215.8500061035156,758300
2020-09-25,216.8300018310547,218.27999877929688,212.3300018310547,215.0,692600
2020-09-28,225.7400054931641,227.92999267578125,219.07000732421875,221.69000244140625,765600
2020-09-29,222.8800048828125,225.92999267578125,218.47999572753903,224.9600067138672,675500
2020-09-30,223.97999572753903,229.1300048828125,222.16000366210935,223.42999267578125,751200
2020-10-01,228.6300048828125,229.5099945068359,224.5399932861328,226.9600067138672,704000
2020-10-02,228.67999267578125,230.97999572753903,222.97999572753903,223.94000244140625,940700
2020-10-05,233.77999877929688,234.7100067138672,227.7100067138672,230.47999572753903,772800
2020-10-06,225.5800018310547,235.9199981689453,225.02000427246097,234.9499969482422,893500
2020-10-07,229.4900054931641,232.32000732421875,226.4900054931641,229.1699981689453,907200
2020-10-08,237.4199981689453,238.27000427246097,231.6699981689453,232.55999755859375,668200
2020-10-09,233.5500030517578,240.63999938964844,232.77999877929688,239.33999633789065,695600
2020-10-12,237.8999938964844,242.77999877929688,234.05999755859375,235.4499969482422,921500
2020-10-13,238.3999938964844,241.4499969482422,235.4199981689453,237.6499938964844,584900
2020-10-14,239.6699981689453,244.1300048828125,238.4199981689453,239.9900054931641,518700
2020-10-15,238.94000244140625,239.9900054931641,234.1699981689453,235.6999969482422,490300
2020-10-16,242.0,243.3699951171875,237.16000366210935,240.58999633789065,630400
2020-10-19,235.4499969482422,245.69000244140625,234.55999755859375,243.0,757200
2020-10-20,232.72999572753903,237.9199981689453,231.6999969482422,237.08999633789065,677600
2020-10-21,232.8500061035156,235.16000366210935,228.5099945068359,233.13999938964844,633400
2020-10-22,236.0,236.0399932861328,227.7400054931641,233.8699951171875,653400
2020-10-23,235.11000061035156,236.58999633789065,231.33999633789065,236.58999633789065,628000
2020-10-26,220.97000122070312,231.8000030517578,214.8999938964844,231.32000732421875,1399100
2020-10-27,213.3800048828125,221.63999938964844,213.19000244140625,220.1000061035156,822800
2020-10-28,201.42999267578125,209.9499969482422,200.5,209.9499969482422,1456400
2020-10-29,205.6199951171875,208.2400054931641,201.0,201.32000732421875,833900
2020-10-30,206.77000427246097,207.88999938964844,201.11000061035156,203.8500061035156,904500
2020-11-02,210.77999877929688,211.44000244140625,206.8000030517578,209.0,961200
2020-11-03,217.52999877929688,218.8500061035156,212.47000122070312,213.82000732421875,898200
2020-11-04,217.32000732421875,222.5099945068359,216.5,217.52000427246097,711700
2020-11-05,214.2599945068359,222.5,213.6999969482422,221.22999572753903,876200
2020-11-06,215.02000427246097,216.07000732421875,210.0099945068359,214.9900054931641,661500
2020-11-09,247.1999969482422,276.04998779296875,239.3000030517578,239.4900054931641,3557900
2020-11-10,265.489990234375,273.69000244140625,257.8699951171875,262.6099853515625,3573800
2020-11-11,255.4199981689453,264.5199890136719,251.6999969482422,264.5199890136719,1394600
2020-11-12,248.0800018310547,258.0,245.6199951171875,255.6000061035156,1055900
2020-11-13,262.3500061035156,263.7799987792969,249.17999267578125,250.9199981689453,1429700
2020-11-16,275.2900085449219,276.9100036621094,262.6099853515625,270.0,1226300
2020-11-17,276.20001220703125,278.8299865722656,266.70001220703125,272.5299987792969,1057900
2020-11-18,274.2099914550781,287.239990234375,274.0799865722656,276.1499938964844,1137900
2020-11-19,274.8599853515625,277.7699890136719,268.739990234375,272.0799865722656,746500
2020-11-20,273.6499938964844,278.0299987792969,271.0899963378906,271.0899963378906,680200
2020-11-23,282.8699951171875,284.3399963378906,273.7799987792969,275.69000244140625,1005800
2020-11-24,284.7099914550781,287.0299987792969,279.54998779296875,280.5,1001000
2020-11-25,279.5400085449219,280.8699951171875,272.7300109863281,279.67999267578125,814200
2020-11-27,281.2900085449219,284.2699890136719,277.6400146484375,281.260009765625,579200
2020-11-30,275.3999938964844,283.9700012207031,274.55999755859375,282.6499938964844,1577800
2020-12-01,279.5299987792969,281.1000061035156,270.739990234375,273.8399963378906,991900
2020-12-02,282.0,283.0,273.0,276.0199890136719,1005800
2020-12-03,289.5299987792969,293.5199890136719,282.44000244140625,283.95001220703125,2042300
2020-12-04,279.5400085449219,289.8999938964844,276.55999755859375,280.25,2707400
2020-12-07,273.260009765625,278.1700134277344,269.6400146484375,278.1000061035156,1271900
2020-12-08,272.0,273.9100036621094,267.6700134277344,270.57000732421875,961200
2020-12-09,275.6600036621094,277.0400085449219,270.239990234375,271.75,921100
2020-12-10,272.1300048828125,274.80999755859375,271.0799865722656,274.0,563100
2020-12-11,265.3900146484375,269.9599914550781,263.1700134277344,269.9599914550781,1053900
2020-12-14,265.7900085449219,272.0,265.0799865722656,269.0799865722656,795700
2020-12-15,267.54998779296875,268.92999267578125,261.42999267578125,268.70001220703125,557400
2020-12-16,269.9200134277344,271.3699951171875,265.75,268.44000244140625,776200
2020-12-17,272.7799987792969,273.6499938964844,268.19000244140625,271.0,755500
2020-12-18,268.42999267578125,273.69000244140625,266.57000732421875,272.010009765625,2629500
2020-12-21,268.1400146484375,269.3699951171875,258.0,260.7799987792969,756400
2020-12-22,265.0899963378906,269.6499938964844,262.8599853515625,268.1099853515625,584600
2020-12-23,268.4599914550781,272.5299987792969,267.3999938964844,267.75,578500
2020-12-24,264.6400146484375,268.3900146484375,263.92999267578125,267.3299865722656,271100
2020-12-28,278.1700134277344,279.42999267578125,265.04998779296875,266.6099853515625,1039500
2020-12-29,277.3399963378906,282.4200134277344,275.2099914550781,279.8999938964844,593300
2020-12-30,282.9800109863281,284.8399963378906,276.19000244140625,276.19000244140625,778900
2020-12-31,287.1600036621094,288.0,279.8299865722656,282.54998779296875,632000
2021-01-04,282.4700012207031,289.6499938964844,280.0899963378906,287.1600036621094,1010000
2021-01-05,280.3599853515625,284.57000732421875,277.8500061035156,282.0,754400
2021-01-06,291.19000244140625,292.6000061035156,281.0,282.6400146484375,770700
2021-01-07,292.4200134277344,295.6300048828125,289.0,292.5799865722656,686200
2021-01-08,294.260009765625,297.5899963378906,290.7300109863281,292.739990234375,692500
2021-01-11,290.17999267578125,294.739990234375,288.19000244140625,290.3599853515625,605300
2021-01-12,294.2200012207031,294.82000732421875,288.9599914550781,291.3800048828125,550100
2021-01-13,294.010009765625,295.04998779296875,292.20001220703125,294.3999938964844,499700
2021-01-14,301.7900085449219,305.20001220703125,294.7900085449219,296.6199951171875,791900
2021-01-15,301.8500061035156,305.95001220703125,298.510009765625,300.1600036621094,1110100
2021-01-19,293.1700134277344,310.489990234375,291.19000244140625,305.010009765625,873800
2021-01-20,295.3999938964844,296.8599853515625,290.70001220703125,294.6499938964844,634600
2021-01-21,300.239990234375,305.70001220703125,293.5,293.9200134277344,662800
2021-01-22,299.9200134277344,308.05999755859375,298.0899963378906,299.0799865722656,595300
2021-01-25,295.739990234375,303.5400085449219,293.739990234375,299.5400085449219,723400
2021-01-26,295.7200012207031,297.8999938964844,290.8699951171875,297.6600036621094,548700
2021-01-27,287.44000244140625,291.3599853515625,281.2799987792969,286.4100036621094,702300
2021-01-28,290.82000732421875,295.0,288.79998779296875,290.3800048828125,532300
2021-01-29,279.760009765625,291.010009765625,279.5,290.1000061035156,708400
2021-02-01,282.2099914550781,283.1700134277344,276.0,282.0299987792969,699000
2021-02-02,287.1499938964844,291.0,284.2099914550781,284.2099914550781,609500
2021-02-03,288.9800109863281,294.7200012207031,287.760009765625,287.8299865722656,445000
2021-02-04,295.5899963378906,295.8500061035156,289.7300109863281,289.7300109863281,289800
2021-02-05,302.0299987792969,303.3699951171875,297.0,297.8999938964844,672600
2021-02-08,315.95001220703125,316.2099914550781,301.55999755859375,302.69000244140625,731800
2021-02-09,319.0799865722656,320.67999267578125,314.5899963378906,314.5899963378906,513500
2021-02-10,315.70001220703125,320.9200134277344,312.1199951171875,318.2699890136719,566500
2021-02-11,320.8500061035156,322.1099853515625,314.70001220703125,315.6499938964844,431100
2021-02-12,319.8800048828125,321.2300109863281,317.5,320.1099853515625,278700
2021-02-16,327.7699890136719,330.8900146484375,317.5,319.82000732421875,892700
2021-02-17,324.54998779296875,329.7699890136719,322.2300109863281,328.8800048828125,417800
2021-02-18,318.9700012207031,322.2099914550781,316.3299865722656,321.7900085449219,530400
2021-02-19,321.7900085449219,325.1000061035156,319.55999755859375,320.1199951171875,406100
2021-02-22,327.9100036621094,335.1300048828125,314.0199890136719,314.0199890136719,534100
2021-02-23,328.05999755859375,331.2900085449219,318.1300048828125,327.0899963378906,561600
2021-02-24,334.0799865722656,336.2900085449219,324.94000244140625,326.04998779296875,582900
2021-02-25,327.67999267578125,338.260009765625,327.4599914550781,337.2200012207031,727800
2021-02-26,322.3299865722656,332.2699890136719,320.739990234375,329.32000732421875,736000
2021-03-01,337.4200134277344,340.1499938964844,326.7699890136719,326.7699890136719,790100
2021-03-02,336.82000732421875,341.5,335.0,338.8699951171875,757700
2021-03-03,334.3900146484375,343.1700134277344,334.2300109863281,337.3999938964844,690800
2021-03-04,324.3999938964844,333.8800048828125,317.20001220703125,333.5199890136719,904100
2021-03-05,333.3699951171875,335.05999755859375,319.239990234375,330.0,1061400
2021-03-08,345.7699890136719,349.2099914550781,335.4100036621094,341.8500061035156,1137800
2021-03-09,339.04998779296875,349.6099853515625,338.739990234375,349.6099853515625,715600
2021-03-10,343.1400146484375,343.9800109863281,338.42999267578125,340.7099914550781,729900
2021-03-11,347.5,351.0,341.2900085449219,343.0,1548200
2021-03-12,318.1499938964844,325.6000061035156,306.05999755859375,317.3999938964844,5235600
2021-03-15,322.489990234375,322.8800048828125,313.3599853515625,318.3800048828125,1198900
2021-03-16,312.260009765625,320.17999267578125,308.69000244140625,320.17999267578125,1569100
2021-03-17,319.0,320.4100036621094,312.3599853515625,313.45001220703125,1162800
2021-03-18,319.2300109863281,326.79998779296875,313.79998779296875,319.5,829700
2021-03-19,321.8399963378906,324.6099853515625,317.6099853515625,319.4100036621094,992000
2021-03-22,315.0899963378906,321.0299987792969,313.20001220703125,320.0,671500
2021-03-23,309.5299987792969,314.2300109863281,308.260009765625,313.5,924300
2021-03-24,301.0,313.9700012207031,300.8500061035156,310.9599914550781,803700
2021-03-25,306.5899963378906,309.3800048828125,297.2900085449219,299.010009765625,1167100
2021-03-26,303.0,309.3800048828125,300.0,309.0,1099300
2021-03-29,306.17999267578125,308.42999267578125,301.44000244140625,301.5,1118400
2021-03-30,308.0,312.4599914550781,305.2900085449219,305.92999267578125,846600
2021-03-31,309.1700134277344,313.6499938964844,304.3399963378906,306.510009765625,731200
2021-04-01,313.6199951171875,315.0199890136719,307.7900085449219,311.42999267578125,704000
2021-04-05,319.7699890136719,321.0,313.1300048828125,316.1099853515625,906800
2021-04-06,315.4700012207031,323.82000732421875,315.2300109863281,320.0,655300
2021-04-07,316.1099853515625,319.6499938964844,314.6099853515625,314.6099853515625,548100
2021-04-08,320.0299987792969,322.70001220703125,318.25,318.2900085449219,794100
2021-04-09,322.2200012207031,322.7200012207031,318.79998779296875,321.2799987792969,663000
2021-04-12,327.7900085449219,328.5400085449219,322.010009765625,322.9700012207031,814300
2021-04-13,332.07000732421875,332.7300109863281,320.5299987792969,327.19000244140625,818200
2021-04-14,329.04998779296875,340.2699890136719,328.4200134277344,334.9800109863281,846600
2021-04-15,326.32000732421875,331.80999755859375,325.8900146484375,330.239990234375,571400
2021-04-16,330.7099914550781,332.1499938964844,326.6700134277344,329.05999755859375,594200
2021-04-19,328.260009765625,330.57000732421875,325.9599914550781,330.239990234375,480500
2021-04-20,316.94000244140625,327.8299865722656,313.17999267578125,324.989990234375,893400
2021-04-21,322.6300048828125,323.70001220703125,316.2900085449219,316.8900146484375,543800
2021-04-22,323.80999755859375,328.3299865722656,320.8900146484375,324.75,574600
2021-04-23,328.44000244140625,329.7900085449219,323.3900146484375,324.3699951171875,463700
2021-04-26,328.2900085449219,333.8999938964844,325.3699951171875,331.0899963378906,553200
2021-04-27,329.1499938964844,331.6099853515625,328.010009765625,329.9599914550781,434600
2021-04-28,326.8599853515625,330.989990234375,326.3699951171875,329.8800048828125,307700
2021-04-29,328.8999938964844,331.2900085449219,326.4200134277344,329.6499938964844,425400
2021-04-30,329.3500061035156,333.8599853515625,326.3900146484375,327.92999267578125,391700
2021-05-03,324.2799987792969,334.4100036621094,323.989990234375,330.3999938964844,719500
2021-05-04,320.80999755859375,322.9100036621094,314.7300109863281,322.2200012207031,703400
2021-05-05,318.94000244140625,324.30999755859375,317.55999755859375,323.9200134277344,461000
2021-05-06,316.9599914550781,321.5299987792969,315.1199951171875,319.17999267578125,563100
2021-05-07,322.739990234375,323.6099853515625,316.260009765625,316.5899963378906,781800
2021-05-10,322.3399963378906,330.7900085449219,321.92999267578125,322.5400085449219,719000
2021-05-11,312.29998779296875,317.739990234375,306.0899963378906,316.4599914550781,1227000
2021-05-12,302.260009765625,313.5,299.7699890136719,309.8599853515625,798400
2021-05-13,311.6600036621094,313.9100036621094,304.3999938964844,304.3999938964844,740400
2021-05-14,324.2799987792969,324.989990234375,312.239990234375,312.239990234375,821300
2021-05-17,329.80999755859375,330.8900146484375,324.1099853515625,327.989990234375,767400
2021-05-18,326.8800048828125,333.1600036621094,326.6300048828125,330.3500061035156,587700
2021-05-19,319.3299865722656,324.3599853515625,315.739990234375,322.5799865722656,602000
2021-05-20,318.6199951171875,321.0,314.2099914550781,319.239990234375,777600
2021-05-21,316.0799865722656,324.8999938964844,315.5,322.79998779296875,759600
2021-05-24,315.82000732421875,319.75,312.3500061035156,318.44000244140625,827900
2021-05-25,320.989990234375,323.44000244140625,317.1300048828125,318.79998779296875,602700
2021-05-26,327.489990234375,328.54998779296875,321.4599914550781,322.0,779900
2021-05-27,328.3599853515625,329.5799865722656,320.32000732421875,329.0,1437300
2021-05-28,345.3599853515625,351.7200012207031,340.6099853515625,343.20001220703125,2901600
2021-06-01,343.17999267578125,348.3599853515625,337.0799865722656,346.70001220703125,1083100
2021-06-02,336.7900085449219,344.5799865722656,333.510009765625,344.57000732421875,751800
2021-06-03,332.95001220703125,335.9700012207031,328.2799987792969,334.8299865722656,862900
2021-06-04,326.6199951171875,335.260009765625,323.1099853515625,334.69000244140625,926000
2021-06-07,332.79998779296875,332.82000732421875,327.260009765625,328.70001220703125,636600
2021-06-08,341.3299865722656,342.3299865722656,332.55999755859375,332.55999755859375,714900
2021-06-09,332.67999267578125,343.70001220703125,332.54998779296875,341.989990234375,524600
2021-06-10,332.010009765625,335.67999267578125,329.1099853515625,333.0,507000
2021-06-11,338.4599914550781,338.5400085449219,332.9100036621094,333.1300048828125,497700
2021-06-14,336.7900085449219,338.7699890136719,331.7900085449219,337.92999267578125,405000
2021-06-15,332.6499938964844,337.4200134277344,330.3599853515625,335.7300109863281,391900
2021-06-16,331.8299865722656,332.4700012207031,325.7799987792969,332.07000732421875,647800
2021-06-17,328.3399963378906,334.9700012207031,324.3399963378906,333.04998779296875,848400
2021-06-18,327.19000244140625,330.7699890136719,325.2200012207031,325.3800048828125,932400
2021-06-21,334.8999938964844,334.9800109863281,326.2699890136719,326.9200134277344,537100
2021-06-22,335.6700134277344,338.2099914550781,333.1099853515625,335.54998779296875,431100
2021-06-23,341.17999267578125,342.79998779296875,332.5799865722656,334.5899963378906,710900
2021-06-24,351.8500061035156,351.94000244140625,343.3800048828125,343.3900146484375,793700
2021-06-25,348.8599853515625,356.30999755859375,346.2799987792969,353.5799865722656,864000
2021-06-28,343.1199951171875,351.4599914550781,340.8399963378906,350.25,672000
2021-06-29,343.7699890136719,347.4200134277344,342.1199951171875,343.17999267578125,375800
2021-06-30,345.7699890136719,346.94000244140625,342.19000244140625,344.5400085449219,503100
2021-07-01,348.9800109863281,352.6499938964844,346.9599914550781,346.989990234375,626200
2021-07-02,351.8999938964844,354.6499938964844,347.6300048828125,354.6499938964844,400100
2021-07-06,351.9700012207031,352.6700134277344,347.1199951171875,351.8999938964844,548000
2021-07-07,340.79998779296875,353.9200134277344,340.010009765625,352.7200012207031,659000
2021-07-08,335.3299865722656,338.4200134277344,326.8399963378906,337.1600036621094,561800
2021-07-09,343.6499938964844,344.3299865722656,338.95001220703125,338.95001220703125,414600
2021-07-12,342.8399963378906,344.5,337.8999938964844,341.3800048828125,581300
2021-07-13,339.30999755859375,342.989990234375,338.239990234375,342.07000732421875,416300
2021-07-14,342.2799987792969,349.70001220703125,341.3999938964844,344.07000732421875,517300
2021-07-15,340.9700012207031,344.8299865722656,337.6199951171875,340.2799987792969,416500
2021-07-16,332.1199951171875,343.739990234375,330.510009765625,342.8299865722656,586400
2021-07-19,323.6700134277344,327.489990234375,319.04998779296875,326.0,778100
2021-07-20,334.5,336.25,322.2799987792969,323.67999267578125,453100
2021-07-21,341.6499938964844,346.79998779296875,334.19000244140625,336.2200012207031,596700
2021-07-22,340.32000732421875,342.17999267578125,337.6300048828125,342.17999267578125,311400
2021-07-23,341.5799865722656,344.4100036621094,340.3299865722656,341.29998779296875,415000
2021-07-26,344.2699890136719,345.7200012207031,339.7099914550781,342.95001220703125,459000
2021-07-27,337.5199890136719,344.05999755859375,329.4800109863281,344.05999755859375,489600
2021-07-28,333.9700012207031,341.82000732421875,331.54998779296875,338.17999267578125,502400
2021-07-29,334.6099853515625,339.29998779296875,332.54998779296875,336.0,561200
2021-07-30,335.79998779296875,342.67999267578125,332.3599853515625,333.6000061035156,642700
2021-08-02,336.760009765625,342.70001220703125,335.92999267578125,337.5,440100
2021-08-03,346.6600036621094,347.3299865722656,335.739990234375,338.7900085449219,600700
2021-08-04,342.57000732421875,349.739990234375,340.9100036621094,345.1300048828125,511800
2021-08-05,351.6499938964844,351.6600036621094,343.3699951171875,345.1700134277344,406400
2021-08-06,352.989990234375,355.0,349.9100036621094,352.510009765625,356400
2021-08-09,352.6499938964844,356.6400146484375,347.3800048828125,352.0199890136719,404600
2021-08-10,361.739990234375,364.260009765625,351.0299987792969,351.8599853515625,632400
2021-08-11,366.8299865722656,367.1499938964844,358.7099914550781,361.510009765625,535100
2021-08-12,371.9100036621094,372.2200012207031,366.7000122070313,368.0,453900
2021-08-13,371.8500061035156,374.4700012207031,368.8999938964844,372.0400085449219,505900
2021-08-16,369.6700134277344,373.0,366.4100036621094,372.6499938964844,394400
2021-08-17,360.739990234375,368.2000122070313,356.3999938964844,366.5899963378906,479500
2021-08-18,361.7200012207031,367.9800109863281,357.760009765625,360.8699951171875,415700
2021-08-19,360.8599853515625,363.8299865722656,355.239990234375,357.2200012207031,616100
2021-08-20,366.7699890136719,367.2099914550781,357.6099853515625,361.1000061035156,441400
2021-08-23,370.0,376.3599853515625,369.3699951171875,370.0,562700
2021-08-24,373.8500061035156,378.1000061035156,370.8900146484375,371.0,731500
2021-08-25,389.8999938964844,390.6799926757813,367.1700134277344,374.3900146484375,1917300
2021-08-26,388.6799926757813,414.9800109863281,386.0299987792969,411.0799865722656,2946100
2021-08-27,387.2300109863281,392.6000061035156,378.5299987792969,385.1499938964844,1078600
2021-08-30,383.1700134277344,388.8299865722656,380.3699951171875,387.5,917000
2021-08-31,387.30999755859375,387.6700134277344,378.1799926757813,384.5799865722656,771300
2021-09-01,387.4599914550781,392.0,386.7900085449219,389.5199890136719,666400
2021-09-02,381.2099914550781,387.0,379.760009765625,387.0,740000
2021-09-03,382.1099853515625,384.2699890136719,377.5499877929687,379.55999755859375,421000
2021-09-07,379.3299865722656,384.7799987792969,378.7099914550781,383.489990234375,503800
2021-09-08,376.2999877929687,380.3900146484375,370.7999877929687,379.1000061035156,757300
2021-09-09,382.0799865722656,384.1199951171875,373.0799865722656,376.19000244140625,598300
2021-09-10,374.8200073242187,385.2999877929687,374.3399963378906,385.0,568200
2021-09-13,372.2900085449219,377.989990234375,367.9500122070313,377.989990234375,560500
2021-09-14,373.7300109863281,374.5799865722656,368.7099914550781,374.5700073242187,384300
2021-09-15,375.9299926757813,378.94000244140625,367.6400146484375,373.0899963378906,920200
2021-09-16,382.3200073242187,383.6600036621094,375.1300048828125,375.5,526300
2021-09-17,379.0499877929687,385.6099853515625,377.8800048828125,380.4599914550781,629900
2021-09-20,369.739990234375,373.1000061035156,363.7900085449219,370.7999877929687,859100
2021-09-21,369.8399963378906,373.739990234375,367.2200012207031,371.3299865722656,509900
2021-09-22,375.8500061035156,377.55999755859375,369.8800048828125,372.489990234375,387900
2021-09-23,380.760009765625,386.69000244140625,377.8800048828125,379.3500061035156,488300
2021-09-24,382.1300048828125,384.2999877929687,376.0400085449219,377.6600036621094,294600
2021-09-27,381.1300048828125,387.9599914550781,380.25,382.0,381200
2021-09-28,378.1400146484375,380.7200012207031,374.5499877929687,378.7200012207031,449600
2021-09-29,378.3500061035156,381.9100036621094,377.0299987792969,380.8599853515625,426100
2021-09-30,360.9200134277344,378.489990234375,360.510009765625,378.489990234375,838900
2021-10-01,368.0299987792969,369.9700012207031,359.6499938964844,361.9200134277344,574800
2021-10-04,369.9200134277344,370.4800109863281,363.5199890136719,367.0,545900
2021-10-05,373.7699890136719,378.3900146484375,367.1600036621094,371.2200012207031,563600
2021-10-06,368.2099914550781,374.0899963378906,366.7699890136719,371.25,572000
2021-10-07,375.0299987792969,379.6199951171875,370.5499877929687,372.0799865722656,391700
2021-10-08,378.3699951171875,383.05999755859375,375.010009765625,378.4599914550781,699300
2021-10-11,380.8699951171875,386.260009765625,378.69000244140625,379.2000122070313,565500
2021-10-12,386.9200134277344,388.55999755859375,380.4800109863281,380.5799865722656,588600
2021-10-13,395.30999755859375,397.5,385.8599853515625,387.9599914550781,662700
2021-10-14,403.9100036621094,407.6799926757813,399.1000061035156,400.0,739800
2021-10-15,405.7200012207031,410.0,403.510009765625,407.9800109863281,670400
2021-10-18,406.3500061035156,410.9299926757813,402.3200073242187,404.510009765625,716200
2021-10-19,363.3500061035156,398.0,360.6600036621094,390.8800048828125,4169400
2021-10-20,358.1499938964844,367.2799987792969,355.0,366.25,2328300
2021-10-21,371.8800048828125,373.7000122070313,357.95001220703125,357.95001220703125,1332200
2021-10-22,371.4500122070313,373.6099853515625,365.2799987792969,371.8800048828125,835900
2021-10-25,371.0,375.2200012207031,368.3699951171875,371.4500122070313,530500
2021-10-26,366.05999755859375,372.739990234375,363.2799987792969,371.7200012207031,566300
2021-10-27,369.7900085449219,373.5899963378906,364.0899963378906,367.8299865722656,544700
2021-10-28,370.3900146484375,373.0400085449219,369.5299987792969,370.739990234375,363400
2021-10-29,367.3599853515625,373.4500122070313,366.0700073242187,371.1499938964844,649400
2021-11-01,365.1300048828125,370.1400146484375,363.3800048828125,369.1300048828125,647500
2021-11-02,371.8599853515625,374.5299987792969,363.6700134277344,366.3900146484375,738800
2021-11-03,381.7799987792969,383.2699890136719,370.6799926757813,372.7699890136719,523000
2021-11-04,381.0700073242187,387.55999755859375,378.7000122070313,383.260009765625,545100
2021-11-05,391.8500061035156,394.1400146484375,382.0,385.8699951171875,675600
2021-11-08,388.1099853515625,393.0,386.6099853515625,391.6400146484375,433700
2021-11-09,395.1099853515625,402.3500061035156,388.7200012207031,389.1700134277344,618400
2021-11-10,391.3399963378906,397.4700012207031,387.8999938964844,392.6600036621094,477900
2021-11-11,395.5700073242187,398.2699890136719,392.010009765625,392.94000244140625,383200
2021-11-12,396.5,400.80999755859375,394.1099853515625,396.4299926757813,391200
2021-11-15,401.7300109863281,407.9500122070313,398.1499938964844,400.0,346400
2021-11-16,413.8599853515625,417.8500061035156,400.2799987792969,401.6700134277344,740000
2021-11-17,402.2099914550781,415.7900085449219,401.3299865722656,413.1400146484375,513500
2021-11-18,405.6499938964844,407.7200012207031,399.3599853515625,406.7799987792969,497800
2021-11-19,407.7099914550781,410.5499877929687,400.1000061035156,406.3500061035156,517900
2021-11-22,411.7699890136719,414.7099914550781,407.4100036621094,410.3999938964844,429500
2021-11-23,408.9299926757813,411.6400146484375,397.4299926757813,409.8399963378906,539200
2021-11-24,409.55999755859375,409.9700012207031,400.3699951171875,401.4599914550781,367900
2021-11-26,399.5299987792969,403.2200012207031,393.0,394.0499877929687,475000
2021-11-29,401.4200134277344,407.739990234375,397.0299987792969,407.3599853515625,563100
2021-11-30,383.9500122070313,399.94000244140625,380.2900085449219,398.3800048828125,1624600
2021-12-01,370.0199890136719,394.9599914550781,369.510009765625,390.0899963378906,943200
2021-12-02,383.6400146484375,384.5299987792969,364.0299987792969,370.3900146484375,1683800
2021-12-03,378.80999755859375,404.0,372.8399963378906,402.4200134277344,2128600
2021-12-06,390.0199890136719,398.0899963378906,381.1000061035156,383.7099914550781,1182700
2021-12-07,407.7000122070313,415.2699890136719,392.5299987792969,397.25,1181700
2021-12-08,412.0899963378906,414.260009765625,405.6000061035156,407.5700073242187,1061000
2021-12-09,404.4100036621094,417.25,404.19000244140625,411.260009765625,887800
2021-12-10,403.489990234375,404.7900085449219,396.010009765625,402.7799987792969,841400
2021-12-13,388.2900085449219,405.30999755859375,387.8200073242187,400.7300109863281,857400
2021-12-14,389.6499938964844,391.0299987792969,380.7699890136719,382.5400085449219,899100
2021-12-15,394.6099853515625,395.9200134277344,382.3999938964844,389.6499938964844,931900
2021-12-16,385.1700134277344,400.0,384.30999755859375,399.30999755859375,999400
2021-12-17,380.94000244140625,390.0400085449219,376.3200073242187,383.2300109863281,1026800
2021-12-20,365.8200073242187,373.3200073242187,362.2999877929687,373.3200073242187,1055900
2021-12-21,378.2699890136719,380.0199890136719,368.9500122070313,369.7699890136719,597100
2021-12-22,387.9100036621094,388.2699890136719,375.2699890136719,378.2200012207031,472200
2021-12-23,392.3699951171875,396.2099914550781,388.0499877929687,389.6799926757813,537700
2021-12-27,403.8399963378906,405.0,393.5,394.7799987792969,648200
2021-12-28,398.80999755859375,406.5199890136719,397.5400085449219,405.3800048828125,402100
2021-12-29,405.2999877929687,406.4299926757813,397.0799865722656,398.7099914550781,338900
2021-12-30,404.7900085449219,413.6300048828125,404.0,404.69000244140625,406500
2021-12-31,412.3399963378906,414.6499938964844,403.5299987792969,404.75,445400
2022-01-03,413.2300109863281,420.9700012207031,409.7099914550781,413.7000122070313,507300
2022-01-04,418.739990234375,422.4299926757813,412.6099853515625,416.9299926757813,598000
2022-01-05,401.489990234375,417.0700073242187,401.2000122070313,416.6199951171875,930700
2022-01-06,400.489990234375,405.1499938964844,395.6099853515625,403.2200012207031,497500
2022-01-07,397.1000061035156,404.989990234375,393.6300048828125,398.55999755859375,523900
2022-01-10,381.0400085449219,393.1700134277344,369.5,392.5400085449219,945900
2022-01-11,384.44000244140625,387.0,372.0,382.1499938964844,703400
2022-01-12,384.1600036621094,390.55999755859375,380.1099853515625,386.5700073242187,364300
2022-01-13,378.1499938964844,388.7300109863281,376.6799926757813,384.1600036621094,691800
2022-01-14,374.4800109863281,377.4500122070313,364.5,377.4500122070313,903400
2022-01-18,372.9700012207031,377.0,365.9700012207031,368.3800048828125,572800
2022-01-19,371.6799926757813,381.0899963378906,371.4700012207031,374.8200073242187,741200
2022-01-20,359.1099853515625,379.489990234375,357.2699890136719,373.489990234375,717300
2022-01-21,349.4200134277344,360.2300109863281,348.6300048828125,357.0199890136719,1139900
2022-01-24,364.8399963378906,365.760009765625,336.2900085449219,340.25,1110400
2022-01-25,352.739990234375,359.3900146484375,347.07000732421875,358.3699951171875,823900
2022-01-26,353.80999755859375,365.6300048828125,350.29998779296875,361.6000061035156,664500
2022-01-27,351.5799865722656,363.0299987792969,348.4599914550781,359.3500061035156,673700
2022-01-28,358.8299865722656,359.1000061035156,346.92999267578125,351.67999267578125,537800
2022-01-31,363.739990234375,364.8500061035156,356.3299865722656,356.4599914550781,641200
2022-02-01,372.3200073242187,373.4100036621094,361.8399963378906,364.3699951171875,500700
2022-02-02,371.69000244140625,375.4700012207031,366.3999938964844,374.69000244140625,467800
2022-02-03,364.760009765625,373.010009765625,363.7900085449219,366.239990234375,436600
2022-02-04,365.7300109863281,369.6199951171875,359.010009765625,363.7300109863281,556200
2022-02-07,364.260009765625,372.2300109863281,361.9500122070313,366.25,426300
2022-02-08,364.2300109863281,369.30999755859375,357.80999755859375,367.3299865722656,808400
2022-02-09,376.0400085449219,376.8200073242187,367.0799865722656,367.6400146484375,778100
2022-02-10,374.010009765625,383.2200012207031,370.8599853515625,371.0799865722656,711600
2022-02-11,362.1700134277344,375.9200134277344,359.7200012207031,373.8900146484375,794500
2022-02-14,362.6499938964844,367.55999755859375,357.2699890136719,363.6799926757813,794400
2022-02-15,379.6499938964844,379.7699890136719,363.8800048828125,363.8800048828125,560900
2022-02-16,381.6000061035156,383.2900085449219,376.3500061035156,377.6199951171875,725900
2022-02-17,369.1199951171875,380.6700134277344,367.7699890136719,379.69000244140625,610400
2022-02-18,375.8299865722656,381.739990234375,367.0,368.4299926757813,742500
2022-02-22,368.1300048828125,379.8399963378906,360.989990234375,372.0,714300
2022-02-23,355.07000732421875,372.8200073242187,352.8800048828125,371.6799926757813,697800
2022-02-24,373.0899963378906,373.6700134277344,341.4700012207031,344.0199890136719,922500
2022-02-25,378.0700073242187,378.489990234375,366.8599853515625,372.9599914550781,466000
2022-02-28,374.5,377.989990234375,367.5400085449219,371.3800048828125,802900
2022-03-01,369.010009765625,375.760009765625,365.8399963378906,372.2099914550781,562800
2022-03-02,381.5,384.0,369.9599914550781,371.7799987792969,606000
2022-03-03,373.69000244140625,383.0,367.0299987792969,382.0199890136719,569500
2022-03-04,366.760009765625,373.4599914550781,361.9500122070313,371.5,661200
2022-03-07,350.8399963378906,369.7099914550781,350.3999938964844,367.7300109863281,1023700
2022-03-08,359.0199890136719,369.4700012207031,350.1000061035156,354.2799987792969,884800
2022-03-09,373.30999755859375,376.3299865722656,368.1000061035156,369.4299926757813,697200
2022-03-10,379.3699951171875,381.3999938964844,364.0,367.3599853515625,1748700
2022-03-11,368.510009765625,389.0,366.4299926757813,385.0,1520300
2022-03-14,357.5199890136719,371.5799865722656,355.2799987792969,369.6199951171875,941700
2022-03-15,371.3800048828125,372.1099853515625,360.6000061035156,361.4299926757813,710300
2022-03-16,385.510009765625,390.9700012207031,374.4599914550781,374.4599914550781,954000
2022-03-17,387.30999755859375,389.5299987792969,381.3500061035156,385.5799865722656,704500
2022-03-18,391.2300109863281,392.5799865722656,383.19000244140625,385.3299865722656,696200
2022-03-21,385.6700134277344,392.8299865722656,379.0700073242187,390.4599914550781,818400
2022-03-22,389.75,398.5899963378906,385.8500061035156,391.0899963378906,650900
2022-03-23,389.7900085449219,390.8999938964844,383.44000244140625,388.0,652000
2022-03-24,395.8399963378906,396.6199951171875,387.4200134277344,389.9599914550781,565200
2022-03-25,395.0700073242187,398.55999755859375,391.7699890136719,398.2999877929687,447800
2022-03-28,395.4800109863281,396.1099853515625,389.5799865722656,394.5199890136719,416400
2022-03-29,406.5,408.7300109863281,398.4800109863281,399.9599914550781,665100
2022-03-30,401.75,405.1099853515625,398.510009765625,401.2999877929687,400700
2022-03-31,398.2200012207031,405.8800048828125,397.8900146484375,403.1400146484375,611100
2022-04-01,388.2200012207031,400.5700073242187,384.0,399.0,814900
2022-04-04,398.6199951171875,398.6199951171875,385.489990234375,387.1799926757813,521300
2022-04-05,398.3500061035156,404.4599914550781,392.2099914550781,398.1000061035156,438800
2022-04-06,391.2099914550781,394.44000244140625,380.5700073242187,394.25,744500
2022-04-07,398.7799987792969,400.0,388.55999755859375,389.7699890136719,481900
2022-04-08,401.5499877929687,406.0,395.5499877929687,397.2099914550781,513800
2022-04-11,403.7799987792969,411.1499938964844,399.3699951171875,401.6300048828125,687800
2022-04-12,405.8999938964844,415.25,404.5799865722656,407.5199890136719,576800
2022-04-13,415.5,418.7999877929687,405.7099914550781,405.9100036621094,626500
2022-04-14,415.6499938964844,421.239990234375,413.5199890136719,416.5199890136719,552400
2022-04-18,415.8399963378906,419.2099914550781,411.989990234375,414.19000244140625,410200
2022-04-19,428.3699951171875,431.05999755859375,414.2000122070313,415.2000122070313,906800
2022-04-20,431.3800048828125,437.2200012207031,429.1600036621094,430.9700012207031,635100
2022-04-21,421.4299926757813,438.6300048828125,419.9200134277344,435.0,662700
2022-04-22,406.510009765625,418.5799865722656,405.7300109863281,416.1799926757813,594800
2022-04-25,418.1400146484375,418.5,400.3599853515625,404.760009765625,732900
2022-04-26,407.3299865722656,413.8399963378906,406.55999755859375,412.5899963378906,480200
2022-04-27,402.7799987792969,411.5899963378906,399.2099914550781,405.2799987792969,666100
2022-04-28,417.4200134277344,420.8299865722656,403.6400146484375,407.8900146484375,552400
2022-04-29,396.7999877929687,414.19000244140625,395.6300048828125,413.8599853515625,954300
2022-05-02,405.5499877929687,406.2300109863281,393.3900146484375,398.6099853515625,746500
2022-05-03,401.2300109863281,404.4500122070313,395.8299865722656,404.3800048828125,716000
2022-05-04,408.6400146484375,410.0,392.0299987792969,401.5299987792969,691500
2022-05-05,396.6300048828125,404.0,388.3399963378906,401.8399963378906,663500
2022-05-06,389.4299926757813,394.6300048828125,382.0499877929687,394.6300048828125,639400
2022-05-09,381.0899963378906,396.3299865722656,379.3399963378906,384.0299987792969,750900
2022-05-10,380.8699951171875,393.0,371.3200073242187,389.4100036621094,825600
2022-05-11,375.9500122070313,388.6799926757813,374.3500061035156,379.7799987792969,917900
2022-05-12,377.8500061035156,384.1499938964844,369.3500061035156,371.4100036621094,713100
2022-05-13,395.8900146484375,396.6400146484375,384.8399963378906,385.69000244140625,760200
2022-05-16,393.1600036621094,399.3399963378906,387.5199890136719,396.3399963378906,652100
2022-05-17,393.010009765625,400.989990234375,387.9599914550781,398.7999877929687,670500
2022-05-18,350.45001220703125,383.0199890136719,344.0,380.9299926757813,1667500
2022-05-19,351.30999755859375,357.8299865722656,345.2200012207031,348.94000244140625,1092100
2022-05-20,343.04998779296875,354.8299865722656,333.04998779296875,354.8299865722656,1165400
2022-05-23,346.6499938964844,349.0199890136719,338.5400085449219,345.92999267578125,865900
2022-05-24,342.0799865722656,343.3800048828125,330.79998779296875,342.4800109863281,821500
2022-05-25,352.95001220703125,356.25,337.0799865722656,338.6600036621094,954700
2022-05-26,377.9599914550781,382.3999938964844,364.44000244140625,365.6099853515625,1914900
2022-05-27,425.0799865722656,425.3900146484375,409.0,417.5,2767400
2022-05-31,423.1000061035156,426.8299865722656,409.489990234375,421.5,1837800
2022-06-01,407.3200073242187,426.739990234375,403.3399963378906,423.6799926757813,1111600
2022-06-02,416.5400085449219,417.2799987792969,404.8599853515625,408.2200012207031,799100
2022-06-03,404.4100036621094,414.4500122070313,401.55999755859375,405.8900146484375,1275200
2022-06-06,413.7300109863281,415.94000244140625,402.5199890136719,409.989990234375,686900
2022-06-07,421.0199890136719,422.8699951171875,404.010009765625,409.8200073242187,865300
2022-06-08,425.3900146484375,428.8699951171875,415.5299987792969,420.6799926757813,741500
2022-06-09,422.3500061035156,429.4800109863281,422.0499877929687,427.8500061035156,913500
2022-06-10,407.7200012207031,417.8500061035156,407.69000244140625,413.3800048828125,745000
2022-06-13,391.7699890136719,400.0,385.9500122070313,398.0,1014100
2022-06-14,392.6700134277344,399.0499877929687,389.8800048828125,395.2900085449219,749600
2022-06-15,405.6099853515625,410.1499938964844,397.1499938964844,399.7099914550781,964100
2022-06-16,390.4700012207031,397.0799865722656,387.2799987792969,397.0799865722656,811500
2022-06-17,395.8299865722656,400.4500122070313,389.010009765625,390.5,1412600
2022-06-21,401.260009765625,406.0,397.8299865722656,402.9599914550781,708300
2022-06-22,396.2200012207031,403.0,394.6499938964844,396.989990234375,622300
2022-06-23,395.9100036621094,401.6400146484375,391.0299987792969,399.489990234375,650500
2022-06-24,410.5400085449219,411.25,400.1799926757813,400.55999755859375,772300
2022-06-27,400.489990234375,411.5799865722656,399.3299865722656,410.4800109863281,590300
2022-06-28,385.8999938964844,405.0,385.7999877929687,400.739990234375,705500
2022-06-29,391.6400146484375,393.3999938964844,384.1799926757813,392.69000244140625,813100
2022-06-30,385.4800109863281,392.94000244140625,378.3599853515625,383.0499877929687,874100
2022-07-01,382.8500061035156,385.3699951171875,377.25,381.9200134277344,584000
2022-07-05,378.4700012207031,378.489990234375,368.6400146484375,375.8800048828125,922400
2022-07-06,381.760009765625,386.80999755859375,374.5799865722656,377.4299926757813,706800
2022-07-07,383.6400146484375,387.9800109863281,380.760009765625,383.0799865722656,979500
2022-07-08,381.44000244140625,385.3399963378906,376.7900085449219,383.8800048828125,443400
2022-07-11,383.2699890136719,387.4500122070313,378.0199890136719,381.2900085449219,545000
2022-07-12,377.05999755859375,389.3500061035156,375.19000244140625,385.3500061035156,580900
2022-07-13,382.739990234375,385.7699890136719,370.5400085449219,373.7000122070313,616100
2022-07-14,385.5799865722656,386.6099853515625,375.0899963378906,378.0899963378906,822500
2022-07-15,397.239990234375,399.0,387.55999755859375,389.5899963378906,844100
2022-07-18,393.5899963378906,406.4800109863281,392.5700073242187,401.8800048828125,519700
2022-07-19,402.3599853515625,405.3500061035156,396.4599914550781,399.80999755859375,525300
2022-07-20,408.3599853515625,412.5,402.1000061035156,402.3599853515625,851100
2022-07-21,411.2699890136719,411.6400146484375,401.5400085449219,406.1099853515625,578600
2022-07-22,406.3999938964844,416.9800109863281,403.7000122070313,412.9100036621094,540900
2022-07-25,401.260009765625,408.9100036621094,397.7699890136719,408.9100036621094,452600
2022-07-26,384.7900085449219,392.8399963378906,380.80999755859375,391.2200012207031,997600
2022-07-27,395.44000244140625,397.55999755859375,384.19000244140625,386.9200134277344,610300
2022-07-28,400.760009765625,404.4599914550781,392.2699890136719,395.3500061035156,533200
2022-07-29,388.9100036621094,398.3599853515625,386.010009765625,397.4700012207031,1171300
2022-08-01,394.2799987792969,396.1700134277344,385.9100036621094,388.8999938964844,921800
2022-08-02,392.8999938964844,399.3699951171875,387.25,395.739990234375,611500
2022-08-03,372.8999938964844,384.1600036621094,360.5799865722656,380.6000061035156,2534400
2022-08-04,372.3500061035156,376.6300048828125,370.44000244140625,376.6300048828125,886000
2022-08-05,377.7999877929687,378.8599853515625,368.7999877929687,370.0,926000
2022-08-08,379.3900146484375,385.3399963378906,377.9200134277344,378.2999877929687,751700
2022-08-09,375.7799987792969,380.6400146484375,372.2200012207031,380.3999938964844,641700
2022-08-10,381.4800109863281,388.7900085449219,381.1099853515625,385.7799987792969,596400
2022-08-11,390.0299987792969,391.3299865722656,384.0499877929687,384.0499877929687,567900
2022-08-12,395.4700012207031,395.5799865722656,389.0799865722656,391.8500061035156,529600
2022-08-15,405.3399963378906,408.1600036621094,396.9700012207031,397.5,774100
2022-08-16,407.260009765625,418.7900085449219,407.0499877929687,407.0499877929687,1455500
2022-08-17,404.3500061035156,406.8299865722656,400.25,403.0,683200
2022-08-18,409.25,410.05999755859375,402.0700073242187,406.0499877929687,504600
2022-08-19,403.25,410.0299987792969,399.5400085449219,407.75,586200
2022-08-22,397.4500122070313,400.4500122070313,395.4599914550781,397.1799926757813,659700
2022-08-23,401.30999755859375,403.94000244140625,398.1600036621094,398.69000244140625,642700
2022-08-24,412.0199890136719,415.0299987792969,400.1600036621094,403.7000122070313,832200
2022-08-25,419.25,420.69000244140625,409.1300048828125,412.80999755859375,1944000
2022-08-26,411.4700012207031,433.8800048828125,410.9500122070313,429.69000244140625,2584500
2022-08-29,417.6199951171875,423.6700134277344,404.1700134277344,405.760009765625,1329100
2022-08-30,416.7900085449219,420.6799926757813,410.1400146484375,420.260009765625,790500
2022-08-31,419.8699951171875,425.3299865722656,416.4700012207031,419.3699951171875,1139400
2022-09-01,424.25,424.4800109863281,414.0,419.8500061035156,915700
2022-09-02,423.0799865722656,431.6000061035156,420.8900146484375,428.3999938964844,816700
2022-09-06,427.8200073242187,431.75,414.0700073242187,423.4800109863281,983200
2022-09-07,444.010009765625,445.6300048828125,427.5400085449219,429.4200134277344,1471800
2022-09-08,445.3399963378906,448.2900085449219,438.2000122070313,440.760009765625,1194600
2022-09-09,442.8999938964844,448.0799865722656,441.1799926757813,446.0499877929687,959500
2022-09-12,446.1400146484375,451.2999877929687,444.0899963378906,444.7799987792969,925600
2022-09-13,430.05999755859375,441.5799865722656,429.3900146484375,439.0,1011600
2022-09-14,426.1499938964844,432.3500061035156,419.5700073242187,430.7200012207031,1014100
2022-09-15,422.6700134277344,427.0,419.010009765625,426.1199951171875,763600
2022-09-16,418.6600036621094,423.1099853515625,415.7999877929687,417.5400085449219,728800
2022-09-19,421.4700012207031,426.2000122070313,417.010009765625,418.0400085449219,705000
2022-09-20,416.6199951171875,419.5299987792969,413.0,416.9599914550781,578200
2022-09-21,410.8200073242187,423.0,410.7099914550781,420.0400085449219,504500
2022-09-22,401.6700134277344,410.260009765625,401.2099914550781,408.3900146484375,657300
2022-09-23,392.2999877929687,397.6400146484375,386.1000061035156,395.8399963378906,1016600
2022-09-26,387.6600036621094,399.1700134277344,387.3299865722656,392.5,726600
2022-09-27,394.1099853515625,397.4599914550781,388.30999755859375,392.7999877929687,829500
2022-09-28,409.2099914550781,410.4700012207031,397.0199890136719,401.0,951100
2022-09-29,404.760009765625,409.6099853515625,400.9700012207031,408.9299926757813,667600
2022-09-30,401.19000244140625,409.7300109863281,394.6400146484375,401.75,737200
2022-10-03,404.75,409.0400085449219,397.0,403.0,611100
2022-10-04,403.9500122070313,414.0899963378906,400.5700073242187,410.6700134277344,782400
2022-10-05,395.989990234375,402.260009765625,392.2000122070313,400.2799987792969,764900
2022-10-06,392.0799865722656,401.6600036621094,391.2000122070313,394.2300109863281,555400
2022-10-07,387.9800109863281,388.4800109863281,380.94000244140625,386.5299987792969,688800
2022-10-10,390.2999877929687,392.75,381.9500122070313,387.6000061035156,803000
2022-10-11,396.7999877929687,403.8599853515625,392.3999938964844,393.2200012207031,721200
2022-10-12,398.0199890136719,404.0299987792969,392.8800048828125,396.9500122070313,744200
2022-10-13,398.8900146484375,400.4100036621094,386.7799987792969,391.4100036621094,913300
2022-10-14,394.239990234375,406.989990234375,393.8200073242187,404.1499938964844,817100
2022-10-17,402.5400085449219,405.6400146484375,391.8599853515625,400.5,784300
2022-10-18,404.9800109863281,415.3699951171875,400.2099914550781,412.9299926757813,682000
2022-10-19,386.260009765625,399.2799987792969,384.760009765625,396.0,1168500
2022-10-20,381.5899963378906,398.0899963378906,381.2799987792969,387.5799865722656,914600
2022-10-21,382.80999755859375,385.9599914550781,374.0899963378906,382.6400146484375,805900
2022-10-24,384.6300048828125,384.8900146484375,373.7999877929687,383.6099853515625,906800
2022-10-25,395.3999938964844,397.69000244140625,383.5199890136719,384.0400085449219,903400
2022-10-26,399.2699890136719,408.8999938964844,395.1099853515625,397.3699951171875,773600
2022-10-27,402.239990234375,406.2000122070313,399.3599853515625,401.2999877929687,597400
2022-10-28,416.1400146484375,418.9599914550781,400.6000061035156,401.19000244140625,773600
2022-10-31,419.3699951171875,421.3699951171875,415.2799987792969,415.510009765625,701700
2022-11-01,422.0,425.5,417.4599914550781,424.510009765625,779300
2022-11-02,406.7699890136719,426.8900146484375,406.3500061035156,412.6499938964844,954300
2022-11-03,415.6400146484375,420.0499877929687,402.7699890136719,403.8999938964844,596600
2022-11-04,418.3200073242187,424.1199951171875,411.8999938964844,418.6099853515625,525000
2022-11-07,419.3500061035156,419.5199890136719,410.8399963378906,418.3200073242187,443300
2022-11-08,423.1199951171875,426.1600036621094,418.3399963378906,421.0,583700
2022-11-09,413.4700012207031,428.19000244140625,413.1499938964844,420.0,596500
2022-11-10,423.5799865722656,431.0,416.5,424.3999938964844,641300
2022-11-11,430.2699890136719,430.75,420.2699890136719,427.0799865722656,893400
2022-11-14,422.6199951171875,436.80999755859375,422.4299926757813,431.5,725100
2022-11-15,436.2699890136719,439.5199890136719,428.510009765625,432.0,659500
2022-11-16,435.5799865722656,436.1799926757813,428.3200073242187,429.1199951171875,505700
2022-11-17,434.7000122070313,435.5,426.6099853515625,432.010009765625,397300
2022-11-18,440.5,442.9500122070313,435.55999755859375,441.6600036621094,580800
2022-11-21,442.010009765625,443.2000122070313,436.3500061035156,439.9599914550781,350100
2022-11-22,450.0400085449219,450.239990234375,441.5499877929687,445.5299987792969,423200
2022-11-23,447.3699951171875,451.4800109863281,446.1499938964844,450.2300109863281,453500
2022-11-25,448.3500061035156,448.8599853515625,444.6199951171875,448.5799865722656,240000
2022-11-28,457.239990234375,461.5700073242187,447.8699951171875,448.4700012207031,898200
2022-11-29,449.8800048828125,457.30999755859375,446.1000061035156,457.30999755859375,1210100
2022-11-30,464.8399963378906,466.5499877929687,447.05999755859375,449.9500122070313,1193600
2022-12-01,472.5299987792969,477.0799865722656,464.0,470.4700012207031,1499700
2022-12-02,471.3299865722656,477.9200134277344,461.8800048828125,467.0499877929687,1526400
2022-12-05,472.5199890136719,473.1099853515625,465.3900146484375,468.3399963378906,941300
2022-12-06,465.5799865722656,474.4800109863281,460.2300109863281,472.0,897100
2022-12-07,480.0499877929687,480.5700073242187,462.8299865722656,463.30999755859375,841500
2022-12-08,481.6499938964844,482.69000244140625,473.7099914550781,481.5,712700
2022-12-09,471.6300048828125,480.5,471.4800109863281,480.0400085449219,559000
2022-12-12,471.9599914550781,472.3500061035156,463.989990234375,465.0,528600
2022-12-13,464.4100036621094,483.7999877929687,462.5400085449219,482.8599853515625,817700
2022-12-14,462.8500061035156,466.4599914550781,456.3699951171875,462.8800048828125,564000
2022-12-15,455.0199890136719,458.6000061035156,453.0,458.6000061035156,491300
2022-12-16,451.1199951171875,455.0400085449219,446.7900085449219,451.7200012207031,880800
2022-12-19,440.510009765625,453.80999755859375,439.2000122070313,453.6700134277344,748000
2022-12-20,439.2000122070313,445.30999755859375,436.1499938964844,440.1799926757813,530800
2022-12-21,452.2900085449219,453.7000122070313,443.7699890136719,446.2799987792969,680200
2022-12-22,457.0499877929687,457.5299987792969,445.6300048828125,449.0,939200
2022-12-23,456.3999938964844,460.1300048828125,454.1099853515625,458.1600036621094,361100
2022-12-27,464.0,466.739990234375,457.010009765625,459.1199951171875,578300
2022-12-28,463.5199890136719,465.4100036621094,457.5400085449219,465.3800048828125,560700
2022-12-29,464.8299865722656,469.3500061035156,463.7699890136719,465.7000122070313,431200
2022-12-30,469.0700073242187,469.5499877929687,460.5499877929687,462.5499877929687,372500
2023-01-03,471.6300048828125,473.5799865722656,466.6199951171875,469.6600036621094,545800
2023-01-04,483.5199890136719,483.6099853515625,471.3299865722656,476.30999755859375,716900
2023-01-05,488.94000244140625,490.9800109863281,479.55999755859375,482.4700012207031,702200
2023-01-06,486.19000244140625,489.2799987792969,478.8900146484375,478.989990234375,779100
2023-01-09,484.760009765625,490.8800048828125,480.4100036621094,484.2699890136719,470700
2023-01-10,488.6199951171875,489.5899963378906,482.010009765625,483.8500061035156,393000
2023-01-11,493.5499877929687,495.5199890136719,488.6799926757813,490.0,519000
2023-01-12,491.8299865722656,495.8900146484375,488.9200134277344,493.1000061035156,446800
2023-01-13,490.989990234375,495.3900146484375,489.1300048828125,490.4200134277344,406500
2023-01-17,494.5899963378906,495.0,488.6799926757813,490.8299865722656,467700
2023-01-18,500.0799865722656,501.44000244140625,495.6799926757813,495.6799926757813,544800
2023-01-19,488.1199951171875,499.80999755859375,486.0199890136719,496.5,628500
2023-01-20,491.25,495.94000244140625,486.3200073242187,488.2799987792969,589500
2023-01-23,500.4700012207031,500.9500122070313,491.6000061035156,494.2000122070313,417800
2023-01-24,501.5299987792969,503.0400085449219,495.9200134277344,498.3999938964844,555100
2023-01-25,502.6300048828125,502.8299865722656,493.7799987792969,500.2200012207031,299400
2023-01-26,506.8200073242187,509.0499877929687,502.0700073242187,505.7999877929687,391200
2023-01-27,505.6700134277344,511.0,505.19000244140625,508.989990234375,439700
2023-01-30,507.9700012207031,512.6900024414062,505.4100036621094,505.6099853515625,433300
2023-01-31,513.9600219726562,514.25,508.1300048828125,509.1099853515625,503300
2023-02-01,523.5900268554688,525.8900146484375,511.25,511.8999938964844,531800
2023-02-02,520.8300170898438,528.6400146484375,517.0499877929688,525.6300048828125,545900
2023-02-03,520.760009765625,521.97998046875,516.02001953125,518.3200073242188,337100
2023-02-06,518.0,522.4199829101562,515.739990234375,518.2000122070312,370400
2023-02-07,524.9600219726562,526.0800170898438,512.9199829101562,517.0,542400
2023-02-08,523.219970703125,524.6500244140625,520.0,520.7999877929688,351900
2023-02-09,522.0800170898438,531.6900024414062,521.7999877929688,528.0599975585938,630100
2023-02-10,515.75,519.1900024414062,512.1099853515625,517.4000244140625,711100
2023-02-13,520.1799926757812,521.5399780273438,515.6099853515625,518.989990234375,422200
2023-02-14,524.6500244140625,527.0999755859375,520.3499755859375,520.8099975585938,399400
2023-02-15,526.5599975585938,527.9000244140625,520.25,520.6699829101562,380100
2023-02-16,531.5599975585938,532.0,521.3599853515625,523.9600219726562,523800
2023-02-17,530.0,533.6799926757812,528.3900146484375,531.3499755859375,419700
2023-02-21,524.9400024414062,528.3800048828125,523.6400146484375,524.239990234375,383100
2023-02-22,531.1099853515625,532.1799926757812,524.7899780273438,525.0,432500
2023-02-23,531.469970703125,537.52001953125,528.489990234375,532.0,537700
2023-02-24,519.989990234375,527.510009765625,517.0499877929688,525.6099853515625,728300
2023-02-27,523.1500244140625,529.5,521.9199829101562,523.8499755859375,445800
2023-02-28,518.7999877929688,527.0700073242188,517.6199951171875,521.97998046875,514100
2023-03-01,516.02001953125,518.8900146484375,511.2099914550781,516.0,458100
2023-03-02,521.1199951171875,522.2100219726562,511.0199890136719,514.7899780273438,446900
2023-03-03,522.0599975585938,523.719970703125,518.2000122070312,520.1400146484375,573200
2023-03-06,523.4000244140625,527.9299926757812,521.6300048828125,522.3699951171875,641200
2023-03-07,526.0399780273438,528.5700073242188,523.510009765625,524.97998046875,669000
2023-03-08,524.0999755859375,527.3499755859375,517.77001953125,525.9299926757812,635500
2023-03-09,519.9299926757812,533.5399780273438,519.5,526.0399780273438,1158700
2023-03-10,521.1799926757812,533.239990234375,514.3499755859375,522.1300048828125,1446000
2023-03-13,513.6799926757812,521.8599853515625,510.760009765625,516.2899780273438,774400
2023-03-14,518.4199829101562,525.0,513.1799926757812,520.780029296875,718100
2023-03-15,524.1799926757812,524.510009765625,511.010009765625,513.280029296875,812500
2023-03-16,513.8400268554688,525.010009765625,512.02001953125,522.22998046875,742500
2023-03-17,506.4599914550781,511.1400146484375,501.0400085449219,511.0499877929687,1229000
2023-03-20,510.2300109863281,511.3200073242187,502.5499877929687,507.3299865722656,997100
2023-03-21,515.9099731445312,522.280029296875,513.280029296875,514.2000122070312,659700
2023-03-22,510.0,519.47998046875,509.7699890136719,515.6500244140625,699200
2023-03-23,515.739990234375,517.5999755859375,508.6300048828125,510.8200073242187,541000
2023-03-24,513.97998046875,516.27001953125,507.1700134277344,514.7999877929688,473500
2023-03-27,520.4500122070312,522.6699829101562,514.3699951171875,516.4600219726562,469400
2023-03-28,531.7899780273438,532.0399780273438,520.52001953125,520.52001953125,609900
2023-03-29,526.3300170898438,534.739990234375,525.6199951171875,533.0,718600
2023-03-30,536.3699951171875,538.2999877929688,526.0399780273438,527.8099975585938,658600
2023-03-31,545.6699829101562,546.469970703125,538.0900268554688,538.75,769400
2023-04-03,551.1900024414062,552.4600219726562,543.6199951171875,546.6199951171875,551200
2023-04-04,546.1699829101562,553.0599975585938,545.5,551.1900024414062,633400
2023-04-05,534.1199951171875,546.2899780273438,530.1900024414062,544.9000244140625,826600
2023-04-06,520.9500122070312,532.4199829101562,520.72998046875,530.0,737600
2023-04-10,529.4600219726562,529.5599975585938,517.1599731445312,518.780029296875,486700
2023-04-11,526.75,532.02001953125,525.6799926757812,529.5,456300
2023-04-12,523.1300048828125,531.1699829101562,522.3599853515625,527.7100219726562,508400
2023-04-13,528.4000244140625,530.3200073242188,522.4400024414062,524.0,370500
2023-04-14,534.6599731445312,534.989990234375,526.1099853515625,528.2000122070312,423000
2023-04-17,534.3300170898438,538.8800048828125,531.6699829101562,536.239990234375,579300
2023-04-18,541.52001953125,541.9400024414062,535.7000122070312,537.0800170898438,420700
2023-04-19,542.030029296875,546.2899780273438,539.8499755859375,541.6799926757812,512100
2023-04-20,545.0499877929688,549.3200073242188,540.7000122070312,540.8499755859375,428100
2023-04-21,541.3699951171875,545.9500122070312,539.0,544.010009765625,401600
2023-04-24,547.4000244140625,548.5599975585938,539.0499877929688,539.780029296875,475800
2023-04-25,541.8599853515625,549.6599731445312,541.6300048828125,545.469970703125,525200
2023-04-26,547.4500122070312,548.6300048828125,539.27001953125,539.27001953125,495200
2023-04-27,547.77001953125,550.739990234375,539.0399780273438,550.0,530800
2023-04-28,551.4299926757812,551.8599853515625,544.510009765625,546.0800170898438,457400
2023-05-01,532.8800048828125,556.5999755859375,528.6500244140625,551.719970703125,947400
2023-05-02,530.9400024414062,532.47998046875,519.02001953125,529.530029296875,612500
2023-05-03,523.1699829101562,529.5499877929688,512.8599853515625,519.780029296875,762400
2023-05-04,514.0,524.260009765625,511.19000244140625,523.2100219726562,584800
2023-05-05,520.0499877929688,523.27001953125,516.280029296875,516.6599731445312,479300
2023-05-08,515.72998046875,522.5800170898438,513.9500122070312,522.0,427700
2023-05-09,509.0899963378906,514.8200073242188,508.0,510.7999877929687,538300
2023-05-10,504.510009765625,512.8900146484375,497.489990234375,509.8599853515625,755900
2023-05-11,512.1099853515625,512.5800170898438,503.5899963378906,506.05999755859375,742800
2023-05-12,513.8800048828125,518.27001953125,509.2200012207031,512.8400268554688,925700
2023-05-15,515.969970703125,517.9299926757812,508.3599853515625,513.8800048828125,679800
2023-05-16,498.989990234375,512.4099731445312,498.5499877929687,510.5,997300
2023-05-17,503.9500122070313,506.3900146484375,500.8599853515625,502.7799987792969,618800
2023-05-18,513.6099853515625,514.3400268554688,501.5799865722656,503.8900146484375,731300
2023-05-19,491.0499877929687,509.9299926757813,486.8699951171875,508.3699951171875,1273700
2023-05-22,480.6799926757813,492.2099914550781,479.6000061035156,491.0499877929687,1649400
2023-05-23,480.6099853515625,481.2000122070313,475.0899963378906,479.8999938964844,906700
2023-05-24,481.4299926757813,485.5499877929687,476.489990234375,481.6199951171875,796300
2023-05-25,485.1199951171875,489.6099853515625,481.7000122070313,487.2099914550781,2104900
2023-05-26,420.2699890136719,439.8699951171875,417.6000061035156,436.1099853515625,6078300
2023-05-30,412.2000122070313,418.0,403.1499938964844,417.6499938964844,3395600
2023-05-31,409.8299865722656,417.4100036621094,407.6300048828125,410.5,2346700
2023-06-01,403.8299865722656,409.9200134277344,402.0,408.1099853515625,1380600
2023-06-02,422.3999938964844,423.7699890136719,405.5700073242187,405.5700073242187,1663800
2023-06-05,421.010009765625,425.9599914550781,418.7699890136719,421.3399963378906,1048000
2023-06-06,417.489990234375,423.9599914550781,416.6600036621094,417.5899963378906,862100
2023-06-07,415.5499877929687,424.7999877929687,414.9800109863281,419.4500122070313,863600
2023-06-08,418.94000244140625,419.44000244140625,410.8599853515625,414.0,843400
2023-06-09,423.6199951171875,427.9500122070313,419.0299987792969,419.0299987792969,1160500
2023-06-12,424.9100036621094,427.1700134277344,420.2200012207031,423.8399963378906,853500
2023-06-13,443.760009765625,445.3399963378906,429.3599853515625,432.739990234375,1540000
2023-06-14,443.5799865722656,450.8299865722656,441.3399963378906,444.0,1190300
2023-06-15,451.1400146484375,452.55999755859375,442.4599914550781,444.9599914550781,924900
2023-06-16,447.9100036621094,454.6199951171875,442.3999938964844,454.6199951171875,1865300
2023-06-20,447.0899963378906,452.0,442.989990234375,447.7699890136719,1084200
2023-06-21,450.19000244140625,457.3699951171875,448.8699951171875,450.3200073242187,996900
2023-06-22,455.7099914550781,457.8599853515625,448.8999938964844,449.9299926757813,703100
2023-06-23,453.4500122070313,457.2999877929687,453.0899963378906,455.1300048828125,709900
2023-06-26,463.5700073242187,465.6499938964844,452.8200073242187,455.1300048828125,788100
2023-06-27,462.4299926757813,462.8900146484375,454.0700073242187,462.6300048828125,837900
2023-06-28,462.0799865722656,463.5199890136719,456.5199890136719,462.3699951171875,899100
2023-06-29,465.2799987792969,471.0400085449219,462.0799865722656,464.1600036621094,653800
2023-06-30,470.6000061035156,472.8699951171875,465.4700012207031,468.3999938964844,781400
2023-07-03,477.3500061035156,477.8200073242187,469.510009765625,470.4800109863281,464000
2023-07-05,479.8299865722656,480.55999755859375,468.2300109863281,471.7099914550781,789500
2023-07-06,470.5499877929687,479.05999755859375,470.010009765625,476.2000122070313,652800
2023-07-07,471.6300048828125,476.0,468.2300109863281,471.25,530100
2023-07-10,478.0,478.9599914550781,473.1300048828125,473.4299926757813,571600
2023-07-11,483.239990234375,484.7099914550781,478.44000244140625,479.5,506000
2023-07-12,484.0400085449219,486.7200012207031,482.3699951171875,485.5299987792969,454500
2023-07-13,472.5899963378906,487.1600036621094,472.2000122070313,486.6799926757813,713300
2023-07-14,472.6499938964844,476.3800048828125,469.6099853515625,475.7200012207031,601400
2023-07-17,472.7200012207031,476.6700134277344,469.30999755859375,472.0,507500
2023-07-18,472.4100036621094,476.2900085449219,471.1700134277344,471.989990234375,505100
2023-07-19,471.2099914550781,474.3800048828125,469.2900085449219,472.6799926757813,573600
2023-07-20,462.3500061035156,470.6000061035156,462.1300048828125,468.8999938964844,663200
2023-07-21,460.1099853515625,466.1799926757813,458.2200012207031,462.3500061035156,699600
2023-07-24,454.6700134277344,460.1000061035156,452.2200012207031,459.2900085449219,878300
2023-07-25,451.6400146484375,456.5799865722656,447.0,453.5400085449219,1115400
2023-07-26,454.739990234375,456.4500122070313,448.1300048828125,453.1400146484375,651100
2023-07-27,448.4500122070313,457.8399963378906,447.5,455.0,864800
2023-07-28,445.3900146484375,452.5,444.3599853515625,450.0499877929687,691500
2023-07-31,444.7999877929687,450.2300109863281,443.05999755859375,446.1600036621094,866000
2023-08-01,442.25,447.0,440.1600036621094,445.0,670400
2023-08-02,438.239990234375,445.75,438.1300048828125,445.3699951171875,642600
2023-08-03,435.739990234375,440.6099853515625,434.4800109863281,437.0899963378906,904600
2023-08-04,438.3200073242187,444.0799865722656,432.260009765625,435.010009765625,817600
2023-08-07,439.9500122070313,441.7900085449219,434.3299865722656,439.0199890136719,701700
2023-08-08,438.1700134277344,441.7000122070313,435.7900085449219,437.2999877929687,621100
2023-08-09,446.6499938964844,448.3699951171875,438.1700134277344,438.1700134277344,670300
2023-08-10,447.4599914550781,455.9100036621094,447.0400085449219,449.4100036621094,590500
2023-08-11,443.8500061035156,447.2699890136719,442.9700012207031,446.0,458200
2023-08-14,458.55999755859375,459.1700134277344,446.4700012207031,446.7799987792969,884500
2023-08-15,456.2000122070313,464.4599914550781,456.1000061035156,459.010009765625,804700
2023-08-16,457.4599914550781,467.6400146484375,457.2300109863281,458.2000122070313,788200
2023-08-17,446.6700134277344,460.55999755859375,446.2300109863281,459.8200073242187,645000
2023-08-18,452.9299926757813,454.1199951171875,443.2099914550781,443.2099914550781,533500
2023-08-21,447.9100036621094,457.6000061035156,444.1099853515625,454.5899963378906,800100
2023-08-22,430.5799865722656,442.0,426.8599853515625,442.0,1354000
2023-08-23,437.9599914550781,438.9200134277344,423.7999877929687,428.0,1221600
2023-08-24,422.739990234375,438.489990234375,421.6099853515625,435.8299865722656,1794100
2023-08-25,407.1499938964844,425.510009765625,406.0199890136719,425.0899963378906,2261400
2023-08-28,410.8399963378906,414.8200073242187,405.7999877929687,409.0,1121800
2023-08-29,415.1099853515625,416.6499938964844,408.260009765625,410.8299865722656,777100
2023-08-30,422.8999938964844,425.1799926757813,415.1199951171875,415.2000122070313,903600
2023-08-31,415.0299987792969,423.94000244140625,414.6300048828125,421.4700012207031,828200
2023-09-01,416.010009765625,420.0,414.1400146484375,417.010009765625,576800
2023-09-05,415.489990234375,417.9100036621094,411.7300109863281,415.0700073242187,916000
2023-09-06,408.489990234375,417.0700073242187,408.0400085449219,413.1799926757813,689000
2023-09-07,416.94000244140625,418.7699890136719,407.239990234375,407.239990234375,769100
2023-09-08,413.7099914550781,419.30999755859375,412.3500061035156,415.8399963378906,616000
2023-09-11,418.3800048828125,419.75,412.489990234375,416.6300048828125,822100
2023-09-12,414.4299926757813,420.4700012207031,413.0299987792969,418.1400146484375,544100
2023-09-13,414.2000122070313,418.760009765625,412.6099853515625,416.0,553500
2023-09-14,415.8299865722656,416.3900146484375,410.9100036621094,414.7099914550781,628000
2023-09-15,413.5700073242187,418.8800048828125,411.2000122070313,418.1000061035156,777700
2023-09-18,407.8900146484375,412.6199951171875,406.8900146484375,411.010009765625,812000
2023-09-19,411.7799987792969,413.05999755859375,405.3599853515625,405.5899963378906,687200
2023-09-20,411.30999755859375,415.19000244140625,409.55999755859375,413.6499938964844,467000
2023-09-21,404.25,410.9599914550781,404.1000061035156,409.6199951171875,664100
2023-09-22,398.7300109863281,407.1300048828125,397.8699951171875,404.9500122070313,660500
2023-09-25,398.3900146484375,400.6099853515625,395.760009765625,398.0,616200
2023-09-26,389.7200012207031,396.739990234375,388.4500122070313,395.5499877929687,818400
2023-09-27,392.44000244140625,395.8500061035156,390.9500122070313,392.2000122070313,711100
2023-09-28,398.9100036621094,400.260009765625,391.2999877929687,392.4700012207031,543900
2023-09-29,399.4500122070313,404.7699890136719,398.260009765625,404.3399963378906,788500
2023-10-02,402.9500122070313,406.7999877929687,398.7799987792969,402.0899963378906,892600
2023-10-03,394.239990234375,400.3399963378906,392.6600036621094,398.9500122070313,743200
2023-10-04,395.9100036621094,399.6600036621094,394.0700073242187,397.3699951171875,901000
2023-10-05,388.8200073242187,395.5,388.3699951171875,394.4299926757813,731500
2023-10-06,389.6400146484375,391.2200012207031,385.0700073242187,386.2999877929687,1117300
2023-10-09,388.4599914550781,389.5400085449219,379.239990234375,389.489990234375,1631000
2023-10-10,393.0199890136719,396.0199890136719,385.7999877929687,386.30999755859375,931500
2023-10-11,391.2999877929687,393.6499938964844,386.2200012207031,392.3800048828125,716300
2023-10-12,382.7300109863281,393.7799987792969,380.6099853515625,393.7799987792969,657800
2023-10-13,379.4299926757813,386.7699890136719,379.2900085449219,383.0,539100
2023-10-16,387.260009765625,388.2099914550781,380.0199890136719,382.0400085449219,724100
2023-10-17,383.6600036621094,389.4500122070313,382.6600036621094,385.5799865722656,630400
2023-10-18,372.5,383.0400085449219,372.260009765625,382.25,776800
2023-10-19,372.8599853515625,378.94000244140625,369.8399963378906,371.6600036621094,766000
2023-10-20,371.8500061035156,375.8800048828125,369.8800048828125,373.8699951171875,674400
2023-10-23,373.0799865722656,375.5700073242187,368.0199890136719,371.3500061035156,787600
2023-10-24,379.1099853515625,384.4500122070313,374.0899963378906,374.0899963378906,901400
2023-10-25,377.9800109863281,385.1099853515625,377.2799987792969,380.7000122070313,624800
2023-10-26,379.9599914550781,383.0,375.010009765625,379.6700134277344,557100
2023-10-27,379.8699951171875,385.9100036621094,379.510009765625,380.3999938964844,462600
2023-10-30,379.239990234375,387.1499938964844,378.9200134277344,381.739990234375,632200
2023-10-31,381.30999755859375,383.6199951171875,375.0400085449219,379.0499877929687,753400
2023-11-01,375.4599914550781,379.3699951171875,370.25,379.0199890136719,774300
2023-11-02,380.3200073242187,385.94000244140625,379.5400085449219,379.5400085449219,677500
2023-11-03,385.8800048828125,387.9800109863281,382.1499938964844,382.1499938964844,596400
2023-11-06,385.9800109863281,393.4700012207031,385.3399963378906,388.5700073242187,520600
2023-11-07,395.5799865722656,396.7799987792969,386.5,386.5,741000
2023-11-08,392.7799987792969,401.6400146484375,392.4800109863281,397.010009765625,588200
2023-11-09,388.8500061035156,396.5700073242187,388.5199890136719,394.0899963378906,528500
2023-11-10,389.7099914550781,391.5,385.0,389.3399963378906,559600
2023-11-13,390.5,392.8599853515625,387.1499938964844,389.1799926757813,423400
2023-11-14,397.9299926757813,403.3599853515625,393.9700012207031,395.4500122070313,835900
2023-11-15,415.3299865722656,417.4100036621094,403.8299865722656,405.1300048828125,1257600
2023-11-16,405.5499877929687,416.1300048828125,403.4200134277344,412.2699890136719,868400
2023-11-17,409.2699890136719,410.6400146484375,405.75,410.0299987792969,554800
2023-11-20,405.6099853515625,408.6499938964844,402.6300048828125,406.1799926757813,620500
2023-11-21,404.9200134277344,407.260009765625,401.010009765625,406.0,553500
2023-11-22,409.489990234375,412.0899963378906,405.8299865722656,408.7099914550781,434300
2023-11-24,414.7200012207031,417.9800109863281,411.94000244140625,411.94000244140625,395900
2023-11-27,414.75,417.8299865722656,411.44000244140625,412.75,703800
2023-11-28,417.9599914550781,421.2200012207031,414.0,414.1400146484375,595000
2023-11-29,420.010009765625,423.4500122070313,416.5899963378906,418.3399963378906,918400
2023-11-30,425.989990234375,427.7999877929687,419.2999877929687,426.75,2126100
2023-12-01,472.0299987792969,479.2699890136719,465.0,475.2000122070313,3578600
2023-12-04,486.760009765625,487.6000061035156,471.7900085449219,472.3200073242187,1613700
2023-12-05,481.4200134277344,488.8599853515625,480.260009765625,483.4599914550781,921800
2023-12-06,494.510009765625,497.0700073242187,481.5,484.0,950400
2023-12-07,489.8500061035156,495.8900146484375,486.6400146484375,493.8599853515625,568400
2023-12-08,482.1600036621094,489.3800048828125,481.9800109863281,489.3800048828125,586000
2023-12-11,482.6400146484375,484.760009765625,477.4299926757813,484.760009765625,813100
2023-12-12,493.0299987792969,493.989990234375,482.6600036621094,485.0,728800
2023-12-13,493.1199951171875,496.9200134277344,487.010009765625,493.2300109863281,689700
2023-12-14,494.6300048828125,497.4100036621094,492.25,494.3299865722656,671500
2023-12-15,490.6300048828125,494.5400085449219,488.0,492.69000244140625,1071200
2023-12-18,488.4800109863281,493.1799926757813,486.1499938964844,490.9500122070313,517000
2023-12-19,489.4299926757813,493.5400085449219,487.1300048828125,490.8599853515625,505500
2023-12-20,477.5700073242187,489.6499938964844,477.44000244140625,485.7300109863281,530300
2023-12-21,477.4700012207031,485.3299865722656,475.6199951171875,481.0,581700
2023-12-22,471.3599853515625,476.8999938964844,469.2699890136719,475.7900085449219,513900
2023-12-26,477.3800048828125,477.6499938964844,470.7200012207031,473.2300109863281,497900
2023-12-27,483.260009765625,483.2799987792969,477.4200134277344,477.4200134277344,369400
2023-12-28,486.8399963378906,487.6400146484375,483.1400146484375,485.0,328900
2023-12-29,489.989990234375,491.6499938964844,486.3599853515625,487.7300109863281,460800
2024-01-02,486.6099853515625,492.1099853515625,483.5899963378906,485.25,480700
2024-01-03,473.8200073242187,486.4800109863281,472.80999755859375,485.1799926757813,594800
2024-01-04,468.9200134277344,475.2999877929687,468.7900085449219,474.6099853515625,481300
2024-01-05,471.1199951171875,476.4500122070313,464.80999755859375,465.5299987792969,473500
2024-01-08,482.9599914550781,483.4599914550781,469.489990234375,471.5899963378906,622700
2024-01-09,485.05999755859375,489.1000061035156,482.6000061035156,482.6000061035156,567900
2024-01-10,480.9100036621094,487.489990234375,478.9100036621094,483.5,462900
2024-01-11,482.8299865722656,484.3800048828125,475.19000244140625,483.8399963378906,555300
2024-01-12,482.0799865722656,486.9599914550781,480.6400146484375,486.5899963378906,443200
2024-01-16,476.010009765625,483.6000061035156,475.25,480.9700012207031,761100
2024-01-17,472.760009765625,476.1199951171875,470.0899963378906,471.6300048828125,440100
2024-01-18,475.5,476.9599914550781,470.489990234375,472.239990234375,402100
2024-01-19,472.5700073242187,479.6799926757813,468.6099853515625,479.6799926757813,517100
2024-01-22,476.8999938964844,478.239990234375,471.3299865722656,474.5199890136719,436900
2024-01-23,479.8999938964844,480.8399963378906,474.8399963378906,480.0,525400
2024-01-24,478.7699890136719,484.2799987792969,473.7099914550781,481.0,560000
2024-01-25,493.2200012207031,493.5400085449219,479.239990234375,480.3399963378906,798100
2024-01-26,493.5899963378906,499.4200134277344,488.739990234375,496.3399963378906,706400
2024-01-29,507.989990234375,509.6000061035156,493.05999755859375,493.05999755859375,910700
2024-01-30,508.739990234375,511.5799865722656,501.8599853515625,505.7699890136719,831700
2024-01-31,502.0499877929687,510.8599853515625,500.8399963378906,508.739990234375,561400
2024-02-01,503.5199890136719,508.0799865722656,499.1099853515625,506.5499877929687,551300
2024-02-02,505.3299865722656,510.0499877929687,491.5199890136719,500.4599914550781,590300
2024-02-05,502.3800048828125,509.2699890136719,496.739990234375,506.510009765625,620200
2024-02-06,502.0,504.1600036621094,496.1000061035156,503.7099914550781,636500
2024-02-07,514.0399780273438,516.9099731445312,504.5799865722656,506.8900146484375,799900
2024-02-08,519.1199951171875,522.1599731445312,513.2999877929688,516.219970703125,667900
2024-02-09,522.6300048828125,524.3400268554688,517.1599731445312,521.0,489500
2024-02-12,525.0599975585938,527.6599731445312,520.7899780273438,524.010009765625,529600
2024-02-13,531.0599975585938,532.4299926757812,514.969970703125,517.8900146484375,753500
2024-02-14,526.5900268554688,533.75,521.7100219726562,531.2100219726562,543700
2024-02-15,529.8800048828125,536.8800048828125,528.8400268554688,533.739990234375,467800
2024-02-16,532.0900268554688,536.8499755859375,527.2000122070312,528.4099731445312,353300
2024-02-20,541.2899780273438,542.7999877929688,528.75,529.0,702300
2024-02-21,538.7899780273438,548.5999755859375,536.0,543.3900146484375,723000
2024-02-22,544.0599975585938,547.47998046875,538.6699829101562,541.2000122070312,478700
2024-02-23,549.780029296875,553.6500244140625,544.989990234375,547.469970703125,371700
2024-02-26,556.3200073242188,557.97998046875,548.9299926757812,550.1699829101562,396100
2024-02-27,561.4099731445312,562.7999877929688,554.6599731445312,555.5900268554688,428100
2024-02-28,559.1599731445312,563.1699829101562,556.9199829101562,559.219970703125,343800
2024-02-29,548.5599975585938,559.260009765625,546.780029296875,559.260009765625,1022500
2024-03-01,549.97998046875,553.4199829101562,543.3699951171875,548.3099975585938,548700
2024-03-04,546.5399780273438,551.8400268554688,542.8400268554688,545.8800048828125,481400
2024-03-05,549.4600219726562,554.739990234375,539.1300048828125,548.0,545100
2024-03-06,548.2999877929688,555.0999755859375,543.6300048828125,555.0999755859375,457900
2024-03-07,548.3200073242188,554.5,546.3599853515625,550.1400146484375,371900
2024-03-08,540.219970703125,551.1199951171875,540.1199951171875,549.6699829101562,499400
2024-03-11,548.5599975585938,549.219970703125,538.5399780273438,540.6199951171875,626200
2024-03-12,555.5700073242188,556.8800048828125,548.1500244140625,549.1300048828125,558200
2024-03-13,567.1799926757812,572.47998046875,558.3300170898438,559.8300170898438,815600
2024-03-14,565.4400024414062,574.760009765625,561.2100219726562,572.6199951171875,1399900
2024-03-15,535.97998046875,546.5800170898438,502.2000122070313,504.0,2890900
2024-03-18,532.3300170898438,544.3599853515625,525.6699829101562,534.3599853515625,1064500
2024-03-19,529.0800170898438,535.0800170898438,524.469970703125,535.0800170898438,811500
2024-03-20,523.9600219726562,532.7000122070312,522.9000244140625,528.6300048828125,694700
2024-03-21,523.5499877929688,531.1099853515625,521.239990234375,523.9600219726562,967900
2024-03-22,520.3699951171875,526.5800170898438,515.27001953125,522.0,1061000
2024-03-25,505.5700073242187,523.5399780273438,505.260009765625,521.969970703125,773700
2024-03-26,514.3400268554688,514.6799926757812,505.0,505.6600036621094,866700
2024-03-27,513.52001953125,516.6599731445312,507.0199890136719,515.6400146484375,923000
2024-03-28,522.8800048828125,525.77001953125,513.6799926757812,515.6699829101562,804500
2024-04-01,529.010009765625,529.6699829101562,520.8400268554688,520.8400268554688,647000
2024-04-02,519.6799926757812,528.7999877929688,516.4600219726562,527.5,609400
2024-04-03,439.9800109863281,474.1199951171875,438.6700134277344,469.5700073242187,4214300
2024-04-04,448.6400146484375,467.489990234375,443.5799865722656,443.9100036621094,2916900
2024-04-05,444.75,455.3999938964844,441.4200134277344,447.2300109863281,1285600
2024-04-08,452.7799987792969,457.75,450.7900085449219,453.4800109863281,967300
2024-04-09,454.7999877929687,455.3299865722656,450.0,450.1000061035156,595000
2024-04-10,450.9500122070313,453.7000122070313,446.2300109863281,449.989990234375,876100
2024-04-11,447.9100036621094,455.0799865722656,446.739990234375,454.6600036621094,450200
2024-04-12,442.3200073242187,448.5,441.0,445.5499877929687,487200
2024-04-15,433.239990234375,444.8699951171875,431.6799926757813,444.3599853515625,904800
2024-04-16,424.1700134277344,432.4599914550781,422.1000061035156,430.8999938964844,1144500
2024-04-17,424.5499877929687,429.9200134277344,423.6799926757813,428.7999877929687,947400
2024-04-18,425.1099853515625,428.8200073242187,416.5799865722656,428.8200073242187,862500
2024-04-19,413.5,418.7900085449219,411.0,413.8299865722656,1063400
2024-04-22,417.9800109863281,419.2900085449219,412.6400146484375,417.4299926757813,635300
2024-04-23,419.2699890136719,424.8500061035156,417.2699890136719,420.8599853515625,692300
2024-04-24,410.5499877929687,417.8699951171875,407.1600036621094,414.6300048828125,866400
2024-04-25,408.010009765625,409.3500061035156,403.1300048828125,409.3500061035156,707100
2024-04-26,406.3900146484375,411.3500061035156,402.9500122070313,405.6199951171875,637700
2024-04-29,410.0400085449219,410.0400085449219,404.1400146484375,404.8599853515625,673800
2024-04-30,404.8399963378906,412.0400085449219,402.0,410.0400085449219,904700
2024-05-01,402.1099853515625,404.510009765625,398.4500122070313,403.1400146484375,575700
2024-05-02,397.3299865722656,405.1799926757813,396.7300109863281,402.5199890136719,639800
2024-05-03,397.3900146484375,404.510009765625,397.2799987792969,402.5,591300
2024-05-06,394.8800048828125,398.6600036621094,392.75,397.2799987792969,909500
2024-05-07,393.6700134277344,398.7999877929687,390.7699890136719,393.5,789000
2024-05-08,388.4800109863281,397.989990234375,387.2300109863281,393.510009765625,699400
2024-05-09,396.6700134277344,397.1400146484375,388.0,389.1799926757813,602600
2024-05-10,401.5899963378906,402.8200073242187,397.0,397.0,664600
2024-05-13,403.9599914550781,411.6000061035156,401.3200073242187,404.4500122070313,708300
2024-05-14,401.6799926757813,409.5899963378906,401.2999877929687,407.3999938964844,665700
2024-05-15,403.4100036621094,407.0,401.5799865722656,406.30999755859375,501000
2024-05-16,401.0400085449219,406.9800109863281,400.6000061035156,401.8399963378906,516900
2024-05-17,399.55999755859375,402.3699951171875,396.05999755859375,402.3699951171875,533500
2024-05-20,386.5,394.9800109863281,386.010009765625,392.6600036621094,1016800
2024-05-21,381.8299865722656,388.760009765625,378.0899963378906,386.510009765625,940900
2024-05-22,378.3299865722656,383.1000061035156,376.9100036621094,383.1000061035156,769800
2024-05-23,376.1400146484375,380.7999877929687,376.0199890136719,380.25,850100
2024-05-24,381.7799987792969,383.4100036621094,375.30999755859375,375.3299865722656,967800
2024-05-28,381.1300048828125,386.0,377.69000244140625,381.3500061035156,968500
2024-05-29,378.2799987792969,386.4599914550781,377.8200073242187,379.0,1264600
2024-05-30,385.5799865722656,388.8900146484375,380.739990234375,381.6499938964844,2349900
2024-05-31,395.0899963378906,421.2099914550781,382.1199951171875,421.2099914550781,3378100
2024-06-03,389.9100036621094,399.80999755859375,386.0899963378906,394.3999938964844,1188500
2024-06-04,389.4100036621094,396.30999755859375,386.5,386.989990234375,872700
2024-06-05,387.1600036621094,390.9700012207031,385.0899963378906,390.0,820400
2024-06-06,384.8800048828125,389.1300048828125,382.2699890136719,384.4299926757813,684400
2024-06-07,382.6099853515625,385.3699951171875,380.3999938964844,383.0899963378906,758200
2024-06-10,382.5,382.6600036621094,376.55999755859375,381.5499877929687,793400
2024-06-11,387.69000244140625,387.8200073242187,380.239990234375,381.989990234375,965700
2024-06-12,390.1199951171875,394.55999755859375,386.25,389.75,916500
2024-06-13,396.3900146484375,399.1799926757813,392.4299926757813,393.0,981900
2024-06-14,390.8200073242187,396.7099914550781,388.5,395.25,781200
2024-06-17,389.1499938964844,391.5,385.3999938964844,390.1099853515625,670900
2024-06-18,382.5899963378906,390.6300048828125,382.2799987792969,388.0,778600
2024-06-20,378.3999938964844,384.7699890136719,376.3900146484375,381.8500061035156,995300
2024-06-21,383.8500061035156,385.6700134277344,379.6400146484375,380.7999877929687,1348400
2024-06-24,389.7200012207031,394.8200073242187,383.0,383.8500061035156,834100
2024-06-25,388.19000244140625,392.44000244140625,386.1199951171875,390.2000122070313,595200
2024-06-26,387.8800048828125,390.3399963378906,386.3299865722656,388.0,489300
2024-06-27,385.9500122070313,391.4299926757813,383.1000061035156,389.0,932700
2024-06-28,385.8699951171875,388.0199890136719,382.4599914550781,385.9800109863281,818000
2024-07-01,384.4100036621094,390.5,381.9599914550781,385.8699951171875,862000
2024-07-02,393.0199890136719,394.489990234375,383.9800109863281,384.5,749500
2024-07-03,389.6700134277344,396.989990234375,388.0,393.0,431400
2024-07-05,390.0,390.6700134277344,384.8900146484375,390.0,550200
2024-07-08,395.8200073242187,403.260009765625,391.239990234375,392.2699890136719,912300
2024-07-09,396.010009765625,398.5899963378906,391.4100036621094,395.3800048828125,644000
2024-07-10,396.0299987792969,398.4599914550781,392.8399963378906,395.0299987792969,631100
2024-07-11,400.8200073242187,403.7000122070313,395.0,396.25,627500
2024-07-12,412.94000244140625,413.8800048828125,401.0799865722656,404.6300048828125,845600
2024-07-15,395.1600036621094,406.4800109863281,393.010009765625,404.0,1148700
2024-07-16,409.7000122070313,412.6400146484375,396.2799987792969,399.4599914550781,763400
2024-07-17,400.4700012207031,407.8599853515625,398.2200012207031,407.6499938964844,737500
2024-07-18,393.1199951171875,402.0799865722656,390.6400146484375,396.989990234375,786200
2024-07-19,390.9200134277344,394.6799926757813,387.0,394.6000061035156,897300
2024-07-22,391.6700134277344,392.4500122070313,382.2099914550781,390.9200134277344,596800
2024-07-23,389.2900085449219,395.6700134277344,388.9800109863281,389.8699951171875,557400
2024-07-24,369.6099853515625,381.0,364.6700134277344,379.5,1507900
2024-07-25,363.2999877929687,372.8399963378906,363.010009765625,372.0,1164300
2024-07-26,369.4599914550781,372.3699951171875,362.489990234375,364.1300048828125,1022900
2024-07-29,366.6099853515625,372.0899963378906,362.1000061035156,371.7999877929687,1079100
2024-07-30,367.5299987792969,368.3900146484375,361.3999938964844,364.0,893900
2024-07-31,364.8900146484375,373.0499877929687,364.6600036621094,369.760009765625,693000
2024-08-01,349.95001220703125,364.8699951171875,345.3299865722656,364.6400146484375,1216500
2024-08-02,341.010009765625,346.510009765625,338.1099853515625,345.6400146484375,959300
2024-08-05,327.2799987792969,336.3999938964844,326.92999267578125,333.4700012207031,1076600
2024-08-06,326.4200134277344,331.1499938964844,325.8399963378906,327.260009765625,847200
2024-08-07,321.30999755859375,332.5,320.7900085449219,327.1199951171875,785700
2024-08-08,327.1099853515625,330.7099914550781,322.17999267578125,322.25,749900
2024-08-09,322.1700134277344,327.7799987792969,321.82000732421875,325.8599853515625,919600
2024-08-12,320.54998779296875,326.3900146484375,318.1700134277344,321.25,843600
2024-08-13,331.55999755859375,333.1300048828125,318.2699890136719,320.3500061035156,1059400
2024-08-14,329.04998779296875,332.9200134277344,325.0,330.0400085449219,970800
2024-08-15,365.7999877929687,373.0,358.3500061035156,371.6400146484375,4424900
2024-08-16,377.2300109863281,383.7099914550781,367.0199890136719,368.0,2942800
2024-08-19,377.05999755859375,392.6099853515625,376.1000061035156,382.510009765625,2648600
2024-08-20,369.0499877929687,378.1000061035156,368.8399963378906,376.3399963378906,1545400
2024-08-21,380.9200134277344,386.0400085449219,374.739990234375,374.739990234375,1529300
2024-08-22,374.260009765625,383.25,373.0,382.1300048828125,1139100
2024-08-23,378.6499938964844,379.8200073242187,372.2900085449219,372.69000244140625,987900
2024-08-26,374.9800109863281,381.1700134277344,372.75,377.3299865722656,878200
2024-08-27,371.3500061035156,373.489990234375,367.9299926757813,372.4700012207031,972400
2024-08-28,366.8200073242187,376.7000122070313,366.739990234375,368.260009765625,1331000
2024-08-29,367.5799865722656,375.6099853515625,367.2099914550781,368.5299987792969,2271200
2024-08-30,352.8399963378906,361.4299926757813,342.0,344.0899963378906,4999800
2024-09-03,358.79998779296875,367.5799865722656,350.1000061035156,352.0,2316300
2024-09-04,359.9200134277344,365.8900146484375,356.67999267578125,357.0,1155000
2024-09-05,363.7799987792969,366.5400085449219,361.0,361.9700012207031,885300
2024-09-06,367.5899963378906,369.1300048828125,361.8200073242187,364.4299926757813,1077300
2024-09-09,381.5700073242187,383.5,368.0,368.25,1498300
2024-09-10,373.5,377.5299987792969,356.0199890136719,377.5299987792969,2032500
2024-09-11,372.2999877929687,375.0700073242187,367.510009765625,375.0700073242187,727600
2024-09-12,373.0799865722656,377.0199890136719,366.010009765625,373.0,735000
2024-09-13,378.3399963378906,382.8399963378906,375.0,375.989990234375,762400
2024-09-16,389.2900085449219,392.0499877929687,377.510009765625,377.510009765625,1144900
2024-09-17,397.0,399.8699951171875,390.0,390.6799926757813,1407200
2024-09-18,402.7200012207031,408.739990234375,397.3800048828125,397.3999938964844,1322700
2024-09-19,403.2900085449219,409.5899963378906,400.2999877929687,408.75,894400
2024-09-20,402.010009765625,408.0,400.2000122070313,402.0,1451400
2024-09-23,393.8399963378906,398.0,387.5299987792969,397.1300048828125,1576200
2024-09-24,402.5,404.6300048828125,396.3699951171875,398.5,1004900
2024-09-25,402.260009765625,402.8200073242187,395.1099853515625,401.6300048828125,1318400
2024-09-26,406.1099853515625,412.0,404.5,407.3200073242187,1153000
2024-09-27,404.010009765625,411.7900085449219,402.5199890136719,407.6300048828125,1060800
2024-09-30,389.1199951171875,404.8900146484375,386.0,404.3900146484375,1773400
2024-10-01,379.1300048828125,386.760009765625,377.0700073242187,386.1700134277344,1175900
2024-10-02,373.8800048828125,380.0799865722656,372.010009765625,379.1700134277344,942400
2024-10-03,372.7200012207031,374.19000244140625,368.1700134277344,371.0299987792969,1002400
2024-10-04,381.7999877929687,384.6099853515625,377.010009765625,380.5899963378906,1158600
2024-10-07,370.010009765625,381.3999938964844,368.1099853515625,381.3999938964844,925700
2024-10-08,364.5199890136719,371.8999938964844,364.4800109863281,369.4100036621094,764600
2024-10-09,359.79998779296875,369.5700073242187,359.5299987792969,365.1700134277344,1212900
2024-10-10,358.9599914550781,364.3399963378906,355.5799865722656,358.8399963378906,1090300
2024-10-11,370.5799865722656,373.3200073242187,359.489990234375,359.6700134277344,1220900
2024-10-14,369.3200073242187,371.3599853515625,364.4299926757813,370.5799865722656,883600
2024-10-15,369.489990234375,379.3800048828125,368.1000061035156,370.7799987792969,1001500
2024-10-16,373.2099914550781,375.3200073242187,352.3999938964844,366.8500061035156,3092100
2024-10-17,371.7200012207031,375.5199890136719,364.05999755859375,372.3599853515625,1448900
2024-10-18,368.9200134277344,376.0299987792969,363.6000061035156,376.010009765625,880600
2024-10-21,369.2000122070313,378.1499938964844,368.0,368.3900146484375,1275000
2024-10-22,365.010009765625,368.75,358.3900146484375,367.9299926757813,1270000
2024-10-23,367.0199890136719,367.6000061035156,362.0799865722656,364.5899963378906,845400
2024-10-24,367.1799926757813,369.4200134277344,364.3999938964844,367.5299987792969,789100
2024-10-25,373.2999877929687,376.1499938964844,369.6000061035156,370.1000061035156,739600
2024-10-28,380.0799865722656,380.1099853515625,369.489990234375,373.7300109863281,963200
2024-10-29,379.8399963378906,380.0700073242187,373.44000244140625,379.4500122070313,735800
2024-10-30,376.1099853515625,380.1799926757813,374.489990234375,378.9700012207031,784100
2024-10-31,368.9800109863281,374.6000061035156,365.3399963378906,372.3999938964844,816000
2024-11-01,377.6499938964844,378.4500122070313,369.7200012207031,370.260009765625,672000
2024-11-04,383.8999938964844,384.0,371.6600036621094,373.010009765625,834400
2024-11-05,382.9100036621094,385.55999755859375,377.6799926757813,381.2799987792969,611500
2024-11-06,387.5299987792969,389.4299926757813,375.0,383.19000244140625,1213300
2024-11-07,393.260009765625,395.9299926757813,388.4200134277344,389.6400146484375,767600
2024-11-08,385.260009765625,394.489990234375,384.94000244140625,392.4500122070313,681400
2024-11-11,380.5400085449219,390.80999755859375,379.9299926757813,386.6499938964844,972600
2024-11-12,379.7900085449219,386.989990234375,379.510009765625,382.7699890136719,670700
2024-11-13,382.739990234375,385.4500122070313,378.9800109863281,381.3800048828125,623900
2024-11-14,382.7699890136719,385.9299926757813,380.7900085449219,382.989990234375,700800
2024-11-15,365.1700134277344,378.0899963378906,361.6600036621094,362.6700134277344,1440800
2024-11-18,353.3500061035156,361.9800109863281,350.3500061035156,360.8500061035156,1405300
2024-11-19,342.1700134277344,350.1499938964844,341.7900085449219,349.989990234375,842700
2024-11-20,343.260009765625,344.69000244140625,338.5799865722656,340.5899963378906,817300
2024-11-21,338.7799987792969,339.8399963378906,331.739990234375,339.239990234375,1296100
2024-11-22,338.3800048828125,345.8500061035156,338.0299987792969,338.510009765625,901500
2024-11-25,362.6499938964844,366.0,344.4200134277344,345.489990234375,1870700
2024-11-26,360.4700012207031,363.5,353.8500061035156,360.0,848500
2024-11-27,375.25,379.7300109863281,365.3800048828125,365.8800048828125,1003200
2024-11-29,386.6400146484375,388.3699951171875,374.5,377.6600036621094,723000
2024-12-02,394.05999755859375,394.55999755859375,375.7999877929687,385.7300109863281,1215200
2024-12-03,395.2999877929687,396.0,389.1000061035156,395.0,1080700
2024-12-04,399.80999755859375,402.5499877929687,393.6700134277344,395.3999938964844,1015700
2024-12-05,392.8699951171875,403.6199951171875,392.0700073242187,402.0,1857900
2024-12-06,428.1700134277344,447.6700134277344,424.8200073242187,428.25,3519100
2024-12-09,418.010009765625,431.1000061035156,417.6199951171875,429.989990234375,1182400
2024-12-10,411.9200134277344,419.0,408.989990234375,418.489990234375,888900
2024-12-11,430.0899963378906,433.8599853515625,409.510009765625,410.010009765625,1351200
2024-12-12,423.9100036621094,434.3800048828125,423.7900085449219,432.1000061035156,631900
2024-12-13,424.1099853515625,425.55999755859375,419.9700012207031,423.9100036621094,655500
2024-12-16,424.7900085449219,430.739990234375,417.8399963378906,421.0700073242187,942700
2024-12-17,423.5700073242187,432.5899963378906,419.3299865722656,425.1700134277344,755500
2024-12-18,416.6000061035156,431.7999877929687,416.3999938964844,422.3699951171875,894500
2024-12-19,425.5199890136719,427.75,419.7799987792969,420.8599853515625,741400
2024-12-20,430.010009765625,433.0,421.9299926757813,425.5199890136719,1447100
2024-12-23,429.1400146484375,431.1700134277344,421.9299926757813,430.05999755859375,650600
2024-12-24,435.30999755859375,435.4200134277344,425.1499938964844,431.5799865722656,345800
2024-12-26,446.2099914550781,446.5400085449219,432.9800109863281,435.0,739800
2024-12-27,442.1499938964844,445.0199890136719,437.239990234375,442.9500122070313,490300
2024-12-30,435.3999938964844,441.1799926757813,431.1499938964844,433.8500061035156,893900
2024-12-31,434.9299926757813,441.0,433.8599853515625,439.8200073242187,475100
2025-01-02,429.1600036621094,443.5,425.0,434.8299865722656,711400
2025-01-03,431.3500061035156,432.9599914550781,426.0,432.1499938964844,545200
2025-01-06,431.2999877929687,441.0,428.9200134277344,430.7799987792969,681800
2025-01-07,428.2699890136719,460.0,427.7900085449219,450.0199890136719,1817500
2025-01-08,415.1400146484375,427.3399963378906,411.5299987792969,425.0,776900
2025-01-10,418.2300109863281,425.9800109863281,409.69000244140625,410.0,941100
2025-01-13,403.94000244140625,414.8599853515625,401.7999877929687,414.8599853515625,788300
2025-01-14,404.05999755859375,410.0,401.8299865722656,408.8900146484375,688100
2025-01-15,407.3800048828125,412.3299865722656,405.2699890136719,410.2999877929687,596400
2025-01-16,413.3299865722656,416.8399963378906,406.2099914550781,409.0,690000
2025-01-17,405.010009765625,419.3399963378906,404.3500061035156,418.2300109863281,755700
2025-01-21,422.1600036621094,424.3900146484375,409.989990234375,411.4800109863281,1121000
2025-01-22,418.44000244140625,421.510009765625,413.0,420.5700073242187,967900
2025-01-23,418.5499877929687,419.1400146484375,413.7799987792969,416.010009765625,829000
2025-01-24,417.8299865722656,424.5299987792969,414.0799865722656,417.75,673000
2025-01-27,415.0,427.1400146484375,413.8200073242187,415.2900085449219,756300
2025-01-28,413.239990234375,421.69000244140625,413.0,415.0,555200
2025-01-29,410.6600036621094,418.510009765625,407.7200012207031,415.0,606200
2025-01-30,418.5299987792969,421.5899963378906,414.1000061035156,414.6300048828125,555000
2025-01-31,412.1499938964844,422.6199951171875,409.44000244140625,418.3599853515625,687700
2025-02-03,408.1400146484375,414.6199951171875,402.7000122070313,404.5199890136719,658700
2025-02-04,409.19000244140625,413.0,405.44000244140625,405.44000244140625,719500
2025-02-05,410.6700134277344,413.4200134277344,408.1099853515625,410.0,516700
2025-02-06,401.6000061035156,414.3200073242187,398.4100036621094,411.0,1087900
2025-02-07,374.7900085449219,395.7300109863281,374.0,390.0,1886600
2025-02-10,376.3399963378906,378.75,366.2699890136719,378.4100036621094,1045500
2025-02-11,374.5299987792969,375.9100036621094,367.3200073242187,372.5400085449219,930800
2025-02-12,373.1199951171875,377.3800048828125,369.3599853515625,371.010009765625,772600
2025-02-13,360.44000244140625,376.0299987792969,359.32000732421875,375.0,1416200
2025-02-14,365.1400146484375,365.739990234375,357.9200134277344,362.3699951171875,1181600
2025-02-18,368.75,371.0,362.0,362.510009765625,1413500
2025-02-19,359.9599914550781,366.5199890136719,352.5,365.4200134277344,1750700
2025-02-20,366.6799926757813,367.4599914550781,359.2699890136719,359.9599914550781,1116400
2025-02-21,361.5400085449219,369.3500061035156,356.04998779296875,368.1199951171875,933300
2025-02-24,363.8900146484375,365.8500061035156,353.0,361.510009765625,914800
2025-02-25,365.7000122070313,369.0,363.55999755859375,364.6600036621094,738300
2025-02-26,366.7300109863281,370.010009765625,363.2300109863281,366.9200134277344,748200
2025-02-27,365.7799987792969,367.1600036621094,358.8800048828125,364.1700134277344,614500
2025-02-28,366.3599853515625,369.7000122070313,363.3399963378906,367.4299926757813,809000
2025-03-03,348.8599853515625,371.1300048828125,347.3800048828125,365.19000244140625,754100
2025-03-04,343.45001220703125,348.6300048828125,338.8599853515625,343.69000244140625,1081600
2025-03-05,351.6300048828125,351.9200134277344,343.260009765625,343.260009765625,736000
2025-03-06,355.0,363.6099853515625,347.3999938964844,349.44000244140625,845900
2025-03-07,355.42999267578125,358.1700134277344,348.510009765625,354.3900146484375,983500
2025-03-10,354.4800109863281,363.5799865722656,351.3699951171875,354.989990234375,1586800
2025-03-11,342.7200012207031,354.6000061035156,336.7799987792969,352.95001220703125,1269700
2025-03-12,329.2300109863281,346.25,328.45001220703125,345.0199890136719,1224400
2025-03-13,314.4700012207031,329.5400085449219,309.010009765625,329.0,2609300
2025-03-14,357.4800109863281,359.75,330.1700134277344,342.20001220703125,3374100
2025-03-17,356.989990234375,360.8800048828125,345.4700012207031,351.739990234375,1663500
2025-03-18,343.8299865722656,354.8900146484375,343.44000244140625,353.0,1196700
2025-03-19,343.7200012207031,345.739990234375,338.6099853515625,341.9100036621094,960800
2025-03-20,340.8900146484375,348.6700134277344,340.6099853515625,342.239990234375,972100
2025-03-21,350.57000732421875,351.25,335.8599853515625,339.2099914550781,1730000
2025-03-24,366.1600036621094,366.9500122070313,351.8299865722656,351.8299865722656,1084300
2025-03-25,370.75,373.5199890136719,366.6000061035156,368.4800109863281,1123600
2025-03-26,371.8999938964844,372.7900085449219,363.2200012207031,369.5799865722656,817900
2025-03-27,370.3399963378906,374.8800048828125,365.8999938964844,367.04998779296875,847800
2025-03-27,370.3399963378906,374.8800048828125,365.8999938964844,367.0499877929687,847800
